glascock,GA
hancock,GA
jefferson,GA
mcduffie,GA
taliaferro,GA
wilkes,GA