2021-12-28T13-50-20,46260,ST VINCENT HOSPITAL AND HEALTH CARE,12/20/2021 12:00:00 AM,,,,
2021-12-28T15-07-00,46260,ST VINCENT HOSPITAL AND HEALTH CARE,12/20/2021 12:00:00 AM,,,,
2021-12-29T09-02-14,46260,ST VINCENT HOSPITAL AND HEALTH CARE,12/27/2021 12:00:00 AM,,,,
2021-12-29T09-02-14,46260,ST VINCENT HOSPITAL AND HEALTH CARE,12/20/2021 12:00:00 AM,,,,
2021-12-30T09-20-52,46260,ST VINCENT HOSPITAL AND HEALTH CARE,12/27/2021 12:00:00 AM,12/30/2021 12:00:00 AM,,,
2021-12-30T09-20-52,46260,ST VINCENT HOSPITAL AND HEALTH CARE,12/20/2021 12:00:00 AM,12/23/2021 12:00:00 AM,,,
2022-01-03T16-32-58,46260,ST VINCENT HOSPITAL AND HEALTH CARE,12/27/2021 12:00:00 AM,12/22/2021 12:00:00 AM,120,120,12/31/2021 12:00:00 AM
2022-01-03T16-32-58,46260,ST VINCENT HOSPITAL AND HEALTH CARE,12/27/2021 12:00:00 AM,12/30/2021 12:00:00 AM,120,120,12/31/2021 12:00:00 AM
2022-01-04T16-56-44,46260,ST VINCENT HOSPITAL AND HEALTH CARE,12/27/2021 12:00:00 AM,12/22/2021 12:00:00 AM,120,119,01/04/2022 12:00:00 AM
2022-01-04T16-56-44,46260,ST VINCENT HOSPITAL AND HEALTH CARE,12/27/2021 12:00:00 AM,12/30/2021 12:00:00 AM,120,119,01/04/2022 12:00:00 AM
2022-01-04T18-34-57,46260,ST VINCENT HOSPITAL AND HEALTH CARE,12/27/2021 12:00:00 AM,12/22/2021 12:00:00 AM,120,119,01/04/2022 12:00:00 AM
2022-01-04T18-34-57,46260,ST VINCENT HOSPITAL AND HEALTH CARE,12/27/2021 12:00:00 AM,12/30/2021 12:00:00 AM,120,119,01/04/2022 12:00:00 AM
2022-01-05T18-07-41,46260,ST VINCENT HOSPITAL AND HEALTH CARE,01/04/2022 12:00:00 AM,,168,118,01/05/2022 12:00:00 AM
2022-01-05T18-07-41,46260,ST VINCENT HOSPITAL AND HEALTH CARE,01/04/2022 12:00:00 AM,12/30/2021 12:00:00 AM,168,118,01/05/2022 12:00:00 AM
2022-01-05T18-07-41,46260,ST VINCENT HOSPITAL AND HEALTH CARE,01/04/2022 12:00:00 AM,12/22/2021 12:00:00 AM,168,118,01/05/2022 12:00:00 AM
2022-01-07T08-09-36,46260,ST VINCENT HOSPITAL AND HEALTH CARE,01/04/2022 12:00:00 AM,,168,118,01/06/2022 12:00:00 AM
2022-01-07T08-09-36,46260,Hematology-Oncology of Indiana,01/04/2022 12:00:00 AM,,72,,
2022-01-10T10-10-35,46260,Hematology-Oncology of Indiana,01/04/2022 12:00:00 AM,,72,,
2022-01-10T10-10-35,46260,ST VINCENT HOSPITAL AND HEALTH CARE,01/04/2022 12:00:00 AM,12/22/2021 12:00:00 AM,168,116,01/07/2022 12:00:00 AM
2022-01-10T10-10-35,46260,ST VINCENT HOSPITAL AND HEALTH CARE,01/04/2022 12:00:00 AM,12/30/2021 12:00:00 AM,168,116,01/07/2022 12:00:00 AM
2022-01-11T08-35-31,46260,ST VINCENT HOSPITAL AND HEALTH CARE,01/04/2022 12:00:00 AM,12/22/2021 12:00:00 AM,168,116,01/10/2022 12:00:00 AM
2022-01-11T08-35-31,46260,Hematology-Oncology of Indiana,01/04/2022 12:00:00 AM,,72,,
2022-01-12T08-07-48,46260,ST VINCENT HOSPITAL AND HEALTH CARE,01/04/2022 12:00:00 AM,12/22/2021 12:00:00 AM,168,115,01/11/2022 12:00:00 AM
2022-01-12T08-07-48,46260,Hematology-Oncology of Indiana,01/04/2022 12:00:00 AM,,72,,
2022-01-13T10-07-11,46260,ST VINCENT HOSPITAL AND HEALTH CARE,01/04/2022 12:00:00 AM,12/30/2021 12:00:00 AM,168,115,01/12/2022 12:00:00 AM
2022-01-13T10-07-11,46260,Hematology-Oncology of Indiana,01/04/2022 12:00:00 AM,,72,,
2022-01-14T15-37-26,46260,ST VINCENT HOSPITAL AND HEALTH CARE,01/13/2022 12:00:00 AM,01/12/2022 12:00:00 AM,312,142,01/14/2022 12:00:00 AM
2022-01-14T15-37-26,46260,Hematology-Oncology of Indiana,01/13/2022 12:00:00 AM,01/13/2022 12:00:00 AM,96,72,01/14/2022 12:00:00 AM
2022-01-19T08-05-28,46260,Hematology-Oncology of Indiana,01/13/2022 12:00:00 AM,,96,72,01/18/2022 12:00:00 AM
2022-01-19T08-05-28,46260,ST VINCENT HOSPITAL AND HEALTH CARE,01/13/2022 12:00:00 AM,12/22/2021 12:00:00 AM,312,161,01/18/2022 12:00:00 AM
2022-01-21T18-08-01,46260,ST VINCENT HOSPITAL AND HEALTH CARE,01/19/2022 12:00:00 AM,01/19/2022 12:00:00 AM,360,304,01/20/2022 12:00:00 AM
2022-01-21T18-08-01,46260,Hematology-Oncology of Indiana,01/13/2022 12:00:00 AM,01/19/2022 12:00:00 AM,96,72,01/18/2022 12:00:00 AM
2022-01-24T09-15-30,46260,ST VINCENT HOSPITAL AND HEALTH CARE,01/19/2022 12:00:00 AM,,360,304,01/21/2022 12:00:00 AM
2022-01-24T09-15-30,46260,Hematology-Oncology of Indiana,01/13/2022 12:00:00 AM,01/19/2022 12:00:00 AM,96,72,01/18/2022 12:00:00 AM
2022-01-25T09-23-26,46260,Hematology-Oncology of Indiana,01/13/2022 12:00:00 AM,01/19/2022 12:00:00 AM,192,72,01/18/2022 12:00:00 AM
2022-01-25T09-23-26,46260,ST VINCENT HOSPITAL AND HEALTH CARE,01/19/2022 12:00:00 AM,01/19/2022 12:00:00 AM,552,351,01/24/2022 12:00:00 AM
2022-01-26T07-35-52,46260,Hematology-Oncology of Indiana,01/13/2022 12:00:00 AM,01/19/2022 12:00:00 AM,192,72,01/18/2022 12:00:00 AM
2022-01-26T07-35-52,46260,ST VINCENT HOSPITAL AND HEALTH CARE,01/19/2022 12:00:00 AM,01/19/2022 12:00:00 AM,552,350,01/25/2022 12:00:00 AM
2022-01-26T07-35-52,46260,"PRIORITY PHYSICIANS, P.C.",01/19/2022 12:00:00 AM,,24,,
2022-01-27T14-49-32,46260,"PRIORITY PHYSICIANS, P.C.",01/19/2022 12:00:00 AM,,24,,
2022-01-27T14-49-32,46260,Hematology-Oncology of Indiana,01/13/2022 12:00:00 AM,01/19/2022 12:00:00 AM,192,72,01/18/2022 12:00:00 AM
2022-01-27T14-49-32,46260,ST VINCENT HOSPITAL AND HEALTH CARE,01/26/2022 12:00:00 AM,01/25/2022 12:00:00 AM,648,350,01/26/2022 12:00:00 AM
2022-01-28T09-28-02,46260,ST VINCENT HOSPITAL AND HEALTH CARE,01/26/2022 12:00:00 AM,01/25/2022 12:00:00 AM,648,350,01/26/2022 12:00:00 AM
2022-01-28T09-28-02,46260,Hematology-Oncology of Indiana,01/13/2022 12:00:00 AM,01/19/2022 12:00:00 AM,192,72,01/18/2022 12:00:00 AM
2022-01-28T09-28-02,46260,"PRIORITY PHYSICIANS, P.C.",01/19/2022 12:00:00 AM,,24,,
2022-01-28T13-55-27,46260,ST VINCENT HOSPITAL AND HEALTH CARE,01/26/2022 12:00:00 AM,01/25/2022 12:00:00 AM,648,350,01/26/2022 12:00:00 AM
2022-01-28T13-55-27,46260,Hematology-Oncology of Indiana,01/13/2022 12:00:00 AM,01/19/2022 12:00:00 AM,192,72,01/18/2022 12:00:00 AM
2022-01-28T13-55-27,46260,"PRIORITY PHYSICIANS, P.C.",01/19/2022 12:00:00 AM,,24,,
2022-01-28T14-38-48,46260,ST VINCENT HOSPITAL AND HEALTH CARE,01/26/2022 12:00:00 AM,01/25/2022 12:00:00 AM,648,350,01/26/2022 12:00:00 AM
2022-01-28T14-38-48,46260,Hematology-Oncology of Indiana,01/13/2022 12:00:00 AM,01/19/2022 12:00:00 AM,192,72,01/18/2022 12:00:00 AM
2022-01-28T14-38-48,46260,"PRIORITY PHYSICIANS, P.C.",01/19/2022 12:00:00 AM,,24,,
2022-01-28T15-43-02,46260,ST VINCENT HOSPITAL AND HEALTH CARE,01/26/2022 12:00:00 AM,01/25/2022 12:00:00 AM,648,350,01/26/2022 12:00:00 AM
2022-01-28T15-43-02,46260,Hematology-Oncology of Indiana,01/13/2022 12:00:00 AM,01/19/2022 12:00:00 AM,192,72,01/18/2022 12:00:00 AM
2022-01-28T15-43-02,46260,"PRIORITY PHYSICIANS, P.C.",01/19/2022 12:00:00 AM,,24,,
2022-01-28T17-11-19,46260,Hematology-Oncology of Indiana,01/13/2022 12:00:00 AM,01/19/2022 12:00:00 AM,192,72,01/18/2022 12:00:00 AM
2022-01-28T17-11-19,46260,"PRIORITY PHYSICIANS, P.C.",01/19/2022 12:00:00 AM,,48,23,01/28/2022 12:00:00 AM
2022-01-28T17-11-19,46260,ST VINCENT HOSPITAL AND HEALTH CARE,01/26/2022 12:00:00 AM,01/25/2022 12:00:00 AM,648,350,01/26/2022 12:00:00 AM
2022-02-01T09-23-15,46260,Hematology-Oncology of Indiana,01/13/2022 12:00:00 AM,01/19/2022 12:00:00 AM,192,72,01/18/2022 12:00:00 AM
2022-02-01T09-23-15,46260,"PRIORITY PHYSICIANS, P.C.",01/19/2022 12:00:00 AM,01/27/2022 12:00:00 AM,48,22,01/31/2022 12:00:00 AM
2022-02-01T09-23-15,46260,ST VINCENT HOSPITAL AND HEALTH CARE,01/26/2022 12:00:00 AM,01/27/2022 12:00:00 AM,648,395,01/31/2022 12:00:00 AM
2022-02-02T09-09-05,46260,ST VINCENT HOSPITAL AND HEALTH CARE,01/26/2022 12:00:00 AM,01/27/2022 12:00:00 AM,408,391,02/01/2022 12:00:00 AM
2022-02-02T09-09-05,46260,"PRIORITY PHYSICIANS, P.C.",01/19/2022 12:00:00 AM,01/27/2022 12:00:00 AM,24,22,01/31/2022 12:00:00 AM
2022-02-02T09-09-05,46260,Hematology-Oncology of Indiana,01/13/2022 12:00:00 AM,01/19/2022 12:00:00 AM,96,72,01/18/2022 12:00:00 AM
2022-02-04T09-14-55,46260,"PRIORITY PHYSICIANS, P.C.",01/19/2022 12:00:00 AM,01/27/2022 12:00:00 AM,24,21,02/01/2022 12:00:00 AM
2022-02-04T09-14-55,46260,Hematology-Oncology of Indiana,01/13/2022 12:00:00 AM,01/19/2022 12:00:00 AM,96,96,02/02/2022 12:00:00 AM
2022-02-04T09-14-55,46260,ST VINCENT HOSPITAL AND HEALTH CARE,02/02/2022 12:00:00 AM,01/27/2022 12:00:00 AM,456,388,02/03/2022 12:00:00 AM
2022-02-07T09-54-34,46260,"PRIORITY PHYSICIANS, P.C.",01/19/2022 12:00:00 AM,01/27/2022 12:00:00 AM,24,21,02/01/2022 12:00:00 AM
2022-02-07T09-54-34,46260,Hematology-Oncology of Indiana,01/13/2022 12:00:00 AM,01/19/2022 12:00:00 AM,96,96,02/02/2022 12:00:00 AM
2022-02-07T09-54-34,46260,ST VINCENT HOSPITAL AND HEALTH CARE,02/02/2022 12:00:00 AM,01/27/2022 12:00:00 AM,456,388,02/04/2022 12:00:00 AM
2022-02-09T09-41-46,46260,ST VINCENT HOSPITAL AND HEALTH CARE,02/02/2022 12:00:00 AM,01/27/2022 12:00:00 AM,456,384,02/08/2022 12:00:00 AM
2022-02-09T09-41-46,46260,Hematology-Oncology of Indiana,01/13/2022 12:00:00 AM,01/19/2022 12:00:00 AM,96,96,02/02/2022 12:00:00 AM
2022-02-09T09-41-46,46260,"PRIORITY PHYSICIANS, P.C.",01/19/2022 12:00:00 AM,01/27/2022 12:00:00 AM,24,20,02/08/2022 12:00:00 AM
2022-02-10T21-04-53,46260,ST VINCENT HOSPITAL AND HEALTH CARE,02/09/2022 12:00:00 AM,02/08/2022 12:00:00 AM,480,456,02/10/2022 12:00:00 AM
2022-02-10T21-04-53,46260,"PRIORITY PHYSICIANS, P.C.",01/19/2022 12:00:00 AM,01/27/2022 12:00:00 AM,24,20,02/10/2022 12:00:00 AM
2022-02-10T21-04-53,46260,Hematology-Oncology of Indiana,01/13/2022 12:00:00 AM,01/19/2022 12:00:00 AM,96,96,02/02/2022 12:00:00 AM
2022-02-14T09-23-55,46260,ST VINCENT HOSPITAL AND HEALTH CARE,02/09/2022 12:00:00 AM,02/10/2022 12:00:00 AM,480,455,02/11/2022 12:00:00 AM
2022-02-14T09-23-55,46260,"PRIORITY PHYSICIANS, P.C.",01/19/2022 12:00:00 AM,01/27/2022 12:00:00 AM,24,19,02/11/2022 12:00:00 AM
2022-02-14T09-23-55,46260,Hematology-Oncology of Indiana,01/13/2022 12:00:00 AM,01/19/2022 12:00:00 AM,96,96,02/02/2022 12:00:00 AM
2022-02-15T10-17-36,46260,ST VINCENT HOSPITAL AND HEALTH CARE,02/09/2022 12:00:00 AM,02/10/2022 12:00:00 AM,480,455,02/11/2022 12:00:00 AM
2022-02-15T10-17-36,46260,"PRIORITY PHYSICIANS, P.C.",01/19/2022 12:00:00 AM,01/27/2022 12:00:00 AM,24,19,02/11/2022 12:00:00 AM
2022-02-15T10-17-36,46260,Hematology-Oncology of Indiana,01/13/2022 12:00:00 AM,01/19/2022 12:00:00 AM,96,96,02/02/2022 12:00:00 AM
2022-02-16T08-11-48,46260,Hematology-Oncology of Indiana,01/13/2022 12:00:00 AM,01/19/2022 12:00:00 AM,96,96,02/02/2022 12:00:00 AM
2022-02-16T08-11-48,46260,ST VINCENT HOSPITAL AND HEALTH CARE,02/09/2022 12:00:00 AM,02/10/2022 12:00:00 AM,480,455,02/11/2022 12:00:00 AM
2022-02-16T08-11-48,46260,"PRIORITY PHYSICIANS, P.C.",01/19/2022 12:00:00 AM,01/27/2022 12:00:00 AM,24,19,02/11/2022 12:00:00 AM
2022-02-16T08-23-53,46260,Hematology-Oncology of Indiana,01/13/2022 12:00:00 AM,01/19/2022 12:00:00 AM,96,96,02/02/2022 12:00:00 AM
2022-02-16T08-23-53,46260,"PRIORITY PHYSICIANS, P.C.",01/19/2022 12:00:00 AM,01/27/2022 12:00:00 AM,24,19,02/11/2022 12:00:00 AM
2022-02-16T08-23-53,46260,ST VINCENT HOSPITAL AND HEALTH CARE,02/09/2022 12:00:00 AM,02/10/2022 12:00:00 AM,480,455,02/11/2022 12:00:00 AM
2022-02-16T18-37-01,46260,"PRIORITY PHYSICIANS, P.C.",01/19/2022 12:00:00 AM,01/27/2022 12:00:00 AM,24,19,02/11/2022 12:00:00 AM
2022-02-16T18-37-01,46260,Hematology-Oncology of Indiana,01/13/2022 12:00:00 AM,01/19/2022 12:00:00 AM,96,96,02/02/2022 12:00:00 AM
2022-02-16T18-37-01,46260,ST VINCENT HOSPITAL AND HEALTH CARE,02/16/2022 12:00:00 AM,02/10/2022 12:00:00 AM,528,455,02/11/2022 12:00:00 AM
2022-02-18T15-54-16,46260,Hematology-Oncology of Indiana,01/13/2022 12:00:00 AM,01/19/2022 12:00:00 AM,96,96,02/02/2022 12:00:00 AM
2022-02-18T15-54-16,46260,"PRIORITY PHYSICIANS, P.C.",01/19/2022 12:00:00 AM,01/27/2022 12:00:00 AM,24,19,02/11/2022 12:00:00 AM
2022-02-18T15-54-16,46260,ST VINCENT HOSPITAL AND HEALTH CARE,02/16/2022 12:00:00 AM,02/10/2022 12:00:00 AM,528,499,02/17/2022 12:00:00 AM
2022-02-18T16-04-21,46260,"PRIORITY PHYSICIANS, P.C.",01/19/2022 12:00:00 AM,01/27/2022 12:00:00 AM,24,19,02/11/2022 12:00:00 AM
2022-02-18T16-04-21,46260,ST VINCENT HOSPITAL AND HEALTH CARE,02/16/2022 12:00:00 AM,02/10/2022 12:00:00 AM,528,498,02/18/2022 12:00:00 AM
2022-02-18T16-04-21,46260,Hematology-Oncology of Indiana,01/13/2022 12:00:00 AM,01/19/2022 12:00:00 AM,96,96,02/02/2022 12:00:00 AM
2022-02-22T09-09-37,46260,ST VINCENT HOSPITAL AND HEALTH CARE,02/16/2022 12:00:00 AM,02/18/2022 12:00:00 AM,528,498,02/21/2022 12:00:00 AM
2022-02-22T09-09-37,46260,"PRIORITY PHYSICIANS, P.C.",01/19/2022 12:00:00 AM,01/27/2022 12:00:00 AM,24,18,02/21/2022 12:00:00 AM
2022-02-22T09-09-37,46260,Hematology-Oncology of Indiana,01/13/2022 12:00:00 AM,01/19/2022 12:00:00 AM,96,96,02/02/2022 12:00:00 AM
2022-02-24T09-51-18,46260,ST VINCENT HOSPITAL AND HEALTH CARE,02/16/2022 12:00:00 AM,02/18/2022 12:00:00 AM,528,498,02/22/2022 12:00:00 AM
2022-02-24T09-51-18,46260,"PRIORITY PHYSICIANS, P.C.",01/19/2022 12:00:00 AM,01/27/2022 12:00:00 AM,24,18,02/22/2022 12:00:00 AM
2022-02-24T09-51-18,46260,Hematology-Oncology of Indiana,01/13/2022 12:00:00 AM,01/19/2022 12:00:00 AM,96,96,02/02/2022 12:00:00 AM
2022-03-03T09-56-49,46260,"PRIORITY PHYSICIANS, P.C.",01/19/2022 12:00:00 AM,01/27/2022 12:00:00 AM,24,17,03/01/2022 12:00:00 AM
2022-03-03T09-56-49,46260,Hematology-Oncology of Indiana,01/13/2022 12:00:00 AM,01/19/2022 12:00:00 AM,96,96,02/02/2022 12:00:00 AM
2022-03-03T09-56-49,46260,ST VINCENT HOSPITAL AND HEALTH CARE,02/16/2022 12:00:00 AM,02/18/2022 12:00:00 AM,528,494,02/28/2022 12:00:00 AM
2022-03-03T10-04-44,46260,Hematology-Oncology of Indiana,01/13/2022 12:00:00 AM,01/19/2022 12:00:00 AM,96,96,02/02/2022 12:00:00 AM
2022-03-03T10-04-44,46260,ST VINCENT HOSPITAL AND HEALTH CARE,02/16/2022 12:00:00 AM,02/18/2022 12:00:00 AM,528,493,03/02/2022 12:00:00 AM
2022-03-03T10-04-44,46260,"PRIORITY PHYSICIANS, P.C.",01/19/2022 12:00:00 AM,01/27/2022 12:00:00 AM,24,15,03/02/2022 12:00:00 AM
2022-03-08T14-40-56,46260,ST VINCENT HOSPITAL AND HEALTH CARE,02/16/2022 12:00:00 AM,02/18/2022 12:00:00 AM,528,492,03/04/2022 12:00:00 AM
2022-03-08T14-40-56,46260,"PRIORITY PHYSICIANS, P.C.",01/19/2022 12:00:00 AM,01/27/2022 12:00:00 AM,24,10,03/07/2022 12:00:00 AM
2022-03-08T14-40-56,46260,Hematology-Oncology of Indiana,01/13/2022 12:00:00 AM,01/19/2022 12:00:00 AM,96,96,02/02/2022 12:00:00 AM
2022-03-16T18-51-35,46260,ST VINCENT HOSPITAL AND HEALTH CARE,NLP,NLP,NLP,481,03/11/2022 12:00:00 AM
2022-03-16T18-51-35,46260,"PRIORITY PHYSICIANS, P.C.",NLP,NLP,NLP,10,03/11/2022 12:00:00 AM
2022-03-18T09-58-11,46260,"PRIORITY PHYSICIANS, P.C.",NLP,NLP,NLP,8,03/15/2022 12:00:00 AM
2022-03-18T09-58-11,46260,ST VINCENT HOSPITAL AND HEALTH CARE,NLP,NLP,NLP,476,03/15/2022 12:00:00 AM
2022-03-18T11-03-37,46260,"PRIORITY PHYSICIANS, P.C.",NLP,NLP,NLP,8,03/15/2022 12:00:00 AM
2022-03-18T11-03-37,46260,ST VINCENT HOSPITAL AND HEALTH CARE,NLP,NLP,NLP,476,03/15/2022 12:00:00 AM
2022-03-18T11-17-38,46260,"PRIORITY PHYSICIANS, P.C.",NLP,NLP,NLP,8,03/17/2022 12:00:00 AM
2022-03-18T11-17-38,46260,ST VINCENT HOSPITAL AND HEALTH CARE,NLP,NLP,NLP,473,03/17/2022 12:00:00 AM
2022-03-18T15-22-50,46260,"PRIORITY PHYSICIANS, P.C.",NLP,NLP,NLP,8,03/17/2022 12:00:00 AM
2022-03-18T15-22-50,46260,ST VINCENT HOSPITAL AND HEALTH CARE,NLP,NLP,NLP,473,03/17/2022 12:00:00 AM
2022-03-19T08-15-59,46260,ST VINCENT HOSPITAL AND HEALTH CARE,NLP,NLP,NLP,473,03/18/2022 12:00:00 AM
2022-03-19T08-15-59,46260,"PRIORITY PHYSICIANS, P.C.",NLP,NLP,NLP,30,03/18/2022 12:00:00 AM
2022-03-19T11-58-02,46260,"PRIORITY PHYSICIANS, P.C.",NLP,NLP,NLP,30,03/18/2022 12:00:00 AM
2022-03-19T11-58-02,46260,ST VINCENT HOSPITAL AND HEALTH CARE,NLP,NLP,NLP,473,03/18/2022 12:00:00 AM
2022-03-20T06-05-37,46260,ST VINCENT HOSPITAL AND HEALTH CARE,NLP,NLP,NLP,473,03/18/2022 12:00:00 AM
2022-03-20T06-05-37,46260,"PRIORITY PHYSICIANS, P.C.",NLP,NLP,NLP,30,03/18/2022 12:00:00 AM
2022-03-21T06-11-50,46260,ST VINCENT HOSPITAL AND HEALTH CARE,NLP,NLP,NLP,473,03/18/2022 12:00:00 AM
2022-03-21T06-11-50,46260,"PRIORITY PHYSICIANS, P.C.",NLP,NLP,NLP,30,03/18/2022 12:00:00 AM
2022-03-21T14-18-38,46260,ST VINCENT HOSPITAL AND HEALTH CARE,NLP,NLP,NLP,473,03/18/2022 12:00:00 AM
2022-03-21T14-18-38,46260,"PRIORITY PHYSICIANS, P.C.",NLP,NLP,NLP,30,03/18/2022 12:00:00 AM
2022-03-21T16-35-27,46260,"PRIORITY PHYSICIANS, P.C.",NLP,NLP,NLP,30,03/21/2022 12:00:00 AM
2022-03-21T16-35-27,46260,ST VINCENT HOSPITAL AND HEALTH CARE,NLP,NLP,NLP,471,03/21/2022 12:00:00 AM
2022-03-22T09-16-18,46260,"PRIORITY PHYSICIANS, P.C.",NLP,NLP,NLP,30,03/21/2022 12:00:00 AM
2022-03-22T09-16-18,46260,ST VINCENT HOSPITAL AND HEALTH CARE,NLP,NLP,NLP,471,03/21/2022 12:00:00 AM
2022-03-23T08-41-43,46260,"PRIORITY PHYSICIANS, P.C.",NLP,NLP,NLP,30,03/22/2022 12:00:00 AM
2022-03-23T08-41-43,46260,ST VINCENT HOSPITAL AND HEALTH CARE,NLP,NLP,NLP,471,03/22/2022 12:00:00 AM
2022-03-24T07-49-11,46260,"PRIORITY PHYSICIANS, P.C.",NLP,NLP,NLP,30,03/22/2022 12:00:00 AM
2022-03-24T07-49-11,46260,ST VINCENT HOSPITAL AND HEALTH CARE,NLP,NLP,NLP,471,03/22/2022 12:00:00 AM
2022-03-24T13-46-29,46260,"PRIORITY PHYSICIANS, P.C.",NLP,NLP,NLP,30,03/24/2022 12:00:00 AM
2022-03-24T13-46-29,46260,ST VINCENT HOSPITAL AND HEALTH CARE,NLP,NLP,NLP,659,03/24/2022 12:00:00 AM
2022-03-25T08-10-53,46260,ST VINCENT HOSPITAL AND HEALTH CARE,NLP,NLP,NLP,659,03/24/2022 12:00:00 AM
2022-03-25T08-10-53,46260,"PRIORITY PHYSICIANS, P.C.",NLP,NLP,NLP,30,03/24/2022 12:00:00 AM
2022-03-26T06-57-27,46260,"PRIORITY PHYSICIANS, P.C.",NLP,NLP,NLP,30,03/25/2022 12:00:00 AM
2022-03-26T06-57-27,46260,ST VINCENT HOSPITAL AND HEALTH CARE,NLP,NLP,NLP,468,03/25/2022 12:00:00 AM
2022-03-26T12-42-50,46260,"PRIORITY PHYSICIANS, P.C.",NLP,NLP,NLP,30,03/25/2022 12:00:00 AM
2022-03-26T12-42-50,46260,ST VINCENT HOSPITAL AND HEALTH CARE,NLP,NLP,NLP,468,03/25/2022 12:00:00 AM
2022-03-27T06-25-27,46260,"PRIORITY PHYSICIANS, P.C.",NLP,NLP,NLP,30,03/25/2022 12:00:00 AM
2022-03-27T06-25-27,46260,ST VINCENT HOSPITAL AND HEALTH CARE,NLP,NLP,NLP,468,03/25/2022 12:00:00 AM
2022-03-28T06-21-17,46260,"PRIORITY PHYSICIANS, P.C.",NLP,NLP,NLP,30,03/25/2022 12:00:00 AM
2022-03-28T06-21-17,46260,ST VINCENT HOSPITAL AND HEALTH CARE,NLP,NLP,NLP,468,03/25/2022 12:00:00 AM
2022-03-29T08-50-48,46260,"PRIORITY PHYSICIANS, P.C.",NLP,NLP,NLP,28,03/28/2022 12:00:00 AM
2022-03-29T08-50-48,46260,ST VINCENT HOSPITAL AND HEALTH CARE,NLP,NLP,NLP,466,03/28/2022 12:00:00 AM
2022-03-30T09-27-07,46260,"PRIORITY PHYSICIANS, P.C.",NLP,NLP,NLP,28,03/29/2022 12:00:00 AM
2022-03-30T09-27-07,46260,ST VINCENT HOSPITAL AND HEALTH CARE,NLP,NLP,NLP,466,03/29/2022 12:00:00 AM
2022-03-31T08-53-07,46260,"PRIORITY PHYSICIANS, P.C.",NLP,NLP,NLP,28,03/30/2022 12:00:00 AM
2022-03-31T08-53-07,46260,Hematology-Oncology of Indiana,NLP,NLP,NLP,96,02/02/2022 12:00:00 AM
2022-03-31T08-53-07,46260,ST VINCENT HOSPITAL AND HEALTH CARE,NLP,NLP,NLP,466,03/30/2022 12:00:00 AM
2022-03-31T15-09-22,46260,Hematology-Oncology of Indiana,NLP,NLP,NLP,96,02/02/2022 12:00:00 AM
2022-03-31T15-09-22,46260,"PRIORITY PHYSICIANS, P.C.",NLP,NLP,NLP,28,03/31/2022 12:00:00 AM
2022-03-31T15-09-22,46260,ST VINCENT HOSPITAL AND HEALTH CARE,NLP,NLP,NLP,466,03/30/2022 12:00:00 AM
2022-04-01T06-54-45,46260,"PRIORITY PHYSICIANS, P.C.",NLP,NLP,NLP,28,03/31/2022 12:00:00 AM
2022-04-01T06-54-45,46260,Hematology-Oncology of Indiana,NLP,NLP,NLP,96,02/02/2022 12:00:00 AM
2022-04-01T06-54-45,46260,ST VINCENT HOSPITAL AND HEALTH CARE,NLP,NLP,NLP,466,03/31/2022 12:00:00 AM
2022-04-02T06-05-59,46260,Hematology-Oncology of Indiana,NLP,NLP,NLP,96,02/02/2022 12:00:00 AM
2022-04-02T06-05-59,46260,ST VINCENT HOSPITAL AND HEALTH CARE,NLP,NLP,NLP,466,03/31/2022 12:00:00 AM
2022-04-02T06-05-59,46260,"PRIORITY PHYSICIANS, P.C.",NLP,NLP,NLP,28,04/01/2022 12:00:00 AM
2022-04-03T05-51-54,46260,ST VINCENT HOSPITAL AND HEALTH CARE,NLP,NLP,NLP,466,03/31/2022 12:00:00 AM
2022-04-03T05-51-54,46260,"PRIORITY PHYSICIANS, P.C.",NLP,NLP,NLP,28,04/01/2022 12:00:00 AM
2022-04-03T05-51-54,46260,Hematology-Oncology of Indiana,NLP,NLP,NLP,96,02/02/2022 12:00:00 AM
2022-04-04T05-38-24,46260,ST VINCENT HOSPITAL AND HEALTH CARE,NLP,NLP,NLP,466,03/31/2022 12:00:00 AM
2022-04-04T05-38-24,46260,"PRIORITY PHYSICIANS, P.C.",NLP,NLP,NLP,28,04/01/2022 12:00:00 AM
2022-04-04T05-38-24,46260,Hematology-Oncology of Indiana,NLP,NLP,NLP,96,02/02/2022 12:00:00 AM
2022-04-05T05-48-33,46260,Hematology-Oncology of Indiana,NLP,NLP,NLP,96,02/02/2022 12:00:00 AM
2022-04-05T05-48-33,46260,ST VINCENT HOSPITAL AND HEALTH CARE,NLP,NLP,NLP,466,03/31/2022 12:00:00 AM
2022-04-05T05-48-33,46260,"PRIORITY PHYSICIANS, P.C.",NLP,NLP,NLP,28,04/04/2022 12:00:00 AM
2022-04-06T05-45-18,46260,"PRIORITY PHYSICIANS, P.C.",NLP,NLP,NLP,28,04/05/2022 12:00:00 AM
2022-04-06T05-45-18,46260,ST VINCENT HOSPITAL AND HEALTH CARE,NLP,NLP,NLP,466,04/05/2022 12:00:00 AM
2022-04-06T05-45-18,46260,Hematology-Oncology of Indiana,NLP,NLP,NLP,96,02/02/2022 12:00:00 AM
2022-04-07T05-34-07,46260,Hematology-Oncology of Indiana,NLP,NLP,NLP,96,02/02/2022 12:00:00 AM
2022-04-07T05-34-07,46260,"PRIORITY PHYSICIANS, P.C.",NLP,NLP,NLP,27,04/06/2022 12:00:00 AM
2022-04-07T05-34-07,46260,ST VINCENT HOSPITAL AND HEALTH CARE,NLP,NLP,NLP,460,04/06/2022 12:00:00 AM
2022-04-08T05-48-29,46260,"PRIORITY PHYSICIANS, P.C.",NLP,NLP,NLP,27,04/07/2022 12:00:00 AM
2022-04-08T05-48-29,46260,Hematology-Oncology of Indiana,NLP,NLP,NLP,96,02/02/2022 12:00:00 AM
2022-04-08T05-48-29,46260,ST VINCENT HOSPITAL AND HEALTH CARE,NLP,NLP,NLP,460,04/07/2022 12:00:00 AM
2022-04-09T05-41-09,46260,"PRIORITY PHYSICIANS, P.C.",NLP,NLP,NLP,27,04/08/2022 12:00:00 AM
2022-04-09T05-41-09,46260,ST VINCENT HOSPITAL AND HEALTH CARE,NLP,NLP,NLP,460,04/08/2022 12:00:00 AM
2022-04-09T05-41-09,46260,Hematology-Oncology of Indiana,NLP,NLP,NLP,96,02/02/2022 12:00:00 AM
2022-04-10T09-31-27,46260,"PRIORITY PHYSICIANS, P.C.",NLP,NLP,NLP,27,04/08/2022 12:00:00 AM
2022-04-10T09-31-27,46260,Hematology-Oncology of Indiana,NLP,NLP,NLP,96,02/02/2022 12:00:00 AM
2022-04-10T09-31-27,46260,ST VINCENT HOSPITAL AND HEALTH CARE,NLP,NLP,NLP,460,04/08/2022 12:00:00 AM
2022-04-11T07-06-23,46260,"PRIORITY PHYSICIANS, P.C.",NLP,NLP,NLP,27,04/08/2022 12:00:00 AM
2022-04-11T07-06-23,46260,Hematology-Oncology of Indiana,NLP,NLP,NLP,96,02/02/2022 12:00:00 AM
2022-04-11T07-06-23,46260,ST VINCENT HOSPITAL AND HEALTH CARE,NLP,NLP,NLP,460,04/08/2022 12:00:00 AM
2022-04-12T07-06-55,46260,"PRIORITY PHYSICIANS, P.C.",NLP,NLP,NLP,27,04/11/2022 12:00:00 AM
2022-04-12T07-06-55,46260,Hematology-Oncology of Indiana,NLP,NLP,NLP,96,02/02/2022 12:00:00 AM
2022-04-12T07-06-55,46260,ST VINCENT HOSPITAL AND HEALTH CARE,NLP,NLP,NLP,452,04/11/2022 12:00:00 AM
2022-04-13T09-20-57,46260,ST VINCENT HOSPITAL AND HEALTH CARE,NLP,NLP,NLP,451,04/12/2022 12:00:00 AM
2022-04-13T09-20-57,46260,"PRIORITY PHYSICIANS, P.C.",NLP,NLP,NLP,26,04/12/2022 12:00:00 AM
2022-04-13T09-20-57,46260,Hematology-Oncology of Indiana,NLP,NLP,NLP,96,02/02/2022 12:00:00 AM
2022-04-13T11-55-39,46260,"PRIORITY PHYSICIANS, P.C.",NLP,NLP,NLP,26,04/12/2022 12:00:00 AM
2022-04-13T11-55-39,46260,ST VINCENT HOSPITAL AND HEALTH CARE,NLP,NLP,NLP,451,04/13/2022 12:00:00 AM
2022-04-13T11-55-39,46260,Hematology-Oncology of Indiana,NLP,NLP,NLP,96,02/02/2022 12:00:00 AM
2022-04-14T09-18-06,46260,"PRIORITY PHYSICIANS, P.C.",NLP,NLP,NLP,26,04/13/2022 12:00:00 AM
2022-04-14T09-18-06,46260,Hematology-Oncology of Indiana,NLP,NLP,NLP,96,02/02/2022 12:00:00 AM
2022-04-14T09-18-06,46260,ST VINCENT HOSPITAL AND HEALTH CARE,NLP,NLP,NLP,451,04/13/2022 12:00:00 AM
2022-04-15T06-03-51,46260,"PRIORITY PHYSICIANS, P.C.",NLP,NLP,NLP,26,04/14/2022 12:00:00 AM
2022-04-15T06-03-51,46260,Hematology-Oncology of Indiana,NLP,NLP,NLP,96,02/02/2022 12:00:00 AM
2022-04-15T06-03-51,46260,ST VINCENT HOSPITAL AND HEALTH CARE,NLP,NLP,NLP,447,04/14/2022 12:00:00 AM
2022-04-16T05-33-42,46260,"PRIORITY PHYSICIANS, P.C.",NLP,NLP,NLP,26,04/15/2022 12:00:00 AM
2022-04-16T05-33-42,46260,Hematology-Oncology of Indiana,NLP,NLP,NLP,96,02/02/2022 12:00:00 AM
2022-04-16T05-33-42,46260,ST VINCENT HOSPITAL AND HEALTH CARE,NLP,NLP,NLP,444,04/15/2022 12:00:00 AM
2022-04-17T05-32-24,46260,"PRIORITY PHYSICIANS, P.C.",NLP,NLP,NLP,26,04/15/2022 12:00:00 AM
2022-04-17T05-32-24,46260,Hematology-Oncology of Indiana,NLP,NLP,NLP,96,02/02/2022 12:00:00 AM
2022-04-17T05-32-24,46260,ST VINCENT HOSPITAL AND HEALTH CARE,NLP,NLP,NLP,444,04/15/2022 12:00:00 AM
2022-04-18T05-31-10,46260,Hematology-Oncology of Indiana,NLP,NLP,NLP,96,02/02/2022 12:00:00 AM
2022-04-18T05-31-10,46260,"PRIORITY PHYSICIANS, P.C.",NLP,NLP,NLP,26,04/15/2022 12:00:00 AM
2022-04-18T05-31-10,46260,ST VINCENT HOSPITAL AND HEALTH CARE,NLP,NLP,NLP,444,04/15/2022 12:00:00 AM
2022-04-19T05-39-24,46260,Hematology-Oncology of Indiana,NLP,NLP,NLP,96,02/02/2022 12:00:00 AM
2022-04-19T05-39-24,46260,ST VINCENT HOSPITAL AND HEALTH CARE,NLP,NLP,NLP,444,04/18/2022 12:00:00 AM
2022-04-19T05-39-24,46260,"PRIORITY PHYSICIANS, P.C.",NLP,NLP,NLP,26,04/18/2022 12:00:00 AM
2022-04-20T05-27-37,46260,ST VINCENT HOSPITAL AND HEALTH CARE,NLP,NLP,NLP,444,04/19/2022 12:00:00 AM
2022-04-20T05-27-37,46260,Hematology-Oncology of Indiana,NLP,NLP,NLP,96,02/02/2022 12:00:00 AM
2022-04-20T05-27-37,46260,"PRIORITY PHYSICIANS, P.C.",NLP,NLP,NLP,26,04/19/2022 12:00:00 AM
2022-04-21T05-29-54,46260,Hematology-Oncology of Indiana,NLP,NLP,NLP,96,02/02/2022 12:00:00 AM
2022-04-21T05-29-54,46260,"PRIORITY PHYSICIANS, P.C.",NLP,NLP,NLP,26,04/20/2022 12:00:00 AM
2022-04-21T05-29-54,46260,ST VINCENT HOSPITAL AND HEALTH CARE,NLP,NLP,NLP,443,04/20/2022 12:00:00 AM
2022-04-22T05-26-18,46260,ST VINCENT HOSPITAL AND HEALTH CARE,NLP,NLP,NLP,441,04/21/2022 12:00:00 AM
2022-04-22T05-26-18,46260,"PRIORITY PHYSICIANS, P.C.",NLP,NLP,NLP,26,04/20/2022 12:00:00 AM
2022-04-22T05-26-18,46260,Hematology-Oncology of Indiana,NLP,NLP,NLP,96,02/02/2022 12:00:00 AM
2022-04-23T05-25-10,46260,ST VINCENT HOSPITAL AND HEALTH CARE,NLP,NLP,NLP,441,04/22/2022 12:00:00 AM
2022-04-23T05-25-10,46260,Hematology-Oncology of Indiana,NLP,NLP,NLP,96,02/02/2022 12:00:00 AM
2022-04-23T05-25-10,46260,"PRIORITY PHYSICIANS, P.C.",NLP,NLP,NLP,26,04/22/2022 12:00:00 AM
2022-04-24T05-22-24,46260,Hematology-Oncology of Indiana,NLP,NLP,NLP,96,02/02/2022 12:00:00 AM
2022-04-24T05-22-24,46260,"PRIORITY PHYSICIANS, P.C.",NLP,NLP,NLP,26,04/22/2022 12:00:00 AM
2022-04-24T05-22-24,46260,ST VINCENT HOSPITAL AND HEALTH CARE,NLP,NLP,NLP,441,04/22/2022 12:00:00 AM
2022-04-25T05-22-33,46260,"PRIORITY PHYSICIANS, P.C.",NLP,NLP,NLP,26,04/22/2022 12:00:00 AM
2022-04-25T05-22-33,46260,Hematology-Oncology of Indiana,NLP,NLP,NLP,96,02/02/2022 12:00:00 AM
2022-04-25T05-22-33,46260,ST VINCENT HOSPITAL AND HEALTH CARE,NLP,NLP,NLP,441,04/22/2022 12:00:00 AM
2022-04-26T05-20-54,46260,Hematology-Oncology of Indiana,NLP,NLP,NLP,96,02/02/2022 12:00:00 AM
2022-04-26T05-20-54,46260,"PRIORITY PHYSICIANS, P.C.",NLP,NLP,NLP,26,04/25/2022 12:00:00 AM
2022-04-26T05-20-54,46260,ST VINCENT HOSPITAL AND HEALTH CARE,NLP,NLP,NLP,441,04/25/2022 12:00:00 AM
2022-04-27T05-23-49,46260,"PRIORITY PHYSICIANS, P.C.",NLP,NLP,NLP,26,04/26/2022 12:00:00 AM
2022-04-27T05-23-49,46260,Hematology-Oncology of Indiana,NLP,NLP,NLP,96,02/02/2022 12:00:00 AM
2022-04-27T05-23-49,46260,ST VINCENT HOSPITAL AND HEALTH CARE,NLP,NLP,NLP,441,04/26/2022 12:00:00 AM
2022-04-28T09-22-45,46260,Hematology-Oncology of Indiana,NLP,NLP,NLP,96,02/02/2022 12:00:00 AM
2022-04-28T09-22-45,46260,"PRIORITY PHYSICIANS, P.C.",NLP,NLP,NLP,26,04/27/2022 12:00:00 AM
2022-04-28T09-22-45,46260,ST VINCENT HOSPITAL AND HEALTH CARE,NLP,NLP,NLP,439,04/27/2022 12:00:00 AM
2022-04-29T05-13-54,46260,Hematology-Oncology of Indiana,NLP,NLP,NLP,96,02/02/2022 12:00:00 AM
2022-04-29T05-13-54,46260,"PRIORITY PHYSICIANS, P.C.",NLP,NLP,NLP,26,04/28/2022 12:00:00 AM
2022-04-29T05-13-54,46260,ST VINCENT HOSPITAL AND HEALTH CARE,NLP,NLP,NLP,439,04/28/2022 12:00:00 AM
2022-04-30T05-15-55,46260,"PRIORITY PHYSICIANS, P.C.",NLP,NLP,NLP,26,04/29/2022 12:00:00 AM
2022-04-30T05-15-55,46260,Hematology-Oncology of Indiana,NLP,NLP,NLP,96,02/02/2022 12:00:00 AM
2022-04-30T05-15-55,46260,ST VINCENT HOSPITAL AND HEALTH CARE,NLP,NLP,NLP,437,04/29/2022 12:00:00 AM
2022-05-01T05-13-51,46260,Hematology-Oncology of Indiana,NLP,NLP,NLP,96,02/02/2022 12:00:00 AM
2022-05-01T05-13-51,46260,"PRIORITY PHYSICIANS, P.C.",NLP,NLP,NLP,26,04/29/2022 12:00:00 AM
2022-05-01T05-13-51,46260,ST VINCENT HOSPITAL AND HEALTH CARE,NLP,NLP,NLP,437,04/29/2022 12:00:00 AM
2022-05-02T06-02-50,46260,"PRIORITY PHYSICIANS, P.C.",NLP,NLP,NLP,26,04/29/2022 12:00:00 AM
2022-05-02T06-02-50,46260,Hematology-Oncology of Indiana,NLP,NLP,NLP,96,02/02/2022 12:00:00 AM
2022-05-02T06-02-50,46260,ST VINCENT HOSPITAL AND HEALTH CARE,NLP,NLP,NLP,437,04/29/2022 12:00:00 AM
2022-05-03T06-05-23,46260,"PRIORITY PHYSICIANS, P.C.",NLP,NLP,NLP,26,05/02/2022 12:00:00 AM
2022-05-03T06-05-23,46260,Hematology-Oncology of Indiana,NLP,NLP,NLP,96,02/02/2022 12:00:00 AM
2022-05-03T06-05-23,46260,ST VINCENT HOSPITAL AND HEALTH CARE,NLP,NLP,NLP,437,05/02/2022 12:00:00 AM
2022-05-04T05-12-02,46260,Hematology-Oncology of Indiana,NLP,NLP,NLP,96,02/02/2022 12:00:00 AM
2022-05-04T05-12-02,46260,"PRIORITY PHYSICIANS, P.C.",NLP,NLP,NLP,26,05/03/2022 12:00:00 AM
2022-05-04T05-12-02,46260,ST VINCENT HOSPITAL AND HEALTH CARE,NLP,NLP,NLP,437,05/02/2022 12:00:00 AM
2022-05-05T09-49-47,46260,Hematology-Oncology of Indiana,NLP,NLP,NLP,96,02/02/2022 12:00:00 AM
2022-05-05T09-49-47,46260,"PRIORITY PHYSICIANS, P.C.",NLP,NLP,NLP,26,05/04/2022 12:00:00 AM
2022-05-05T09-49-47,46260,ST VINCENT HOSPITAL AND HEALTH CARE,NLP,NLP,NLP,433,05/04/2022 12:00:00 AM
2022-05-06T06-12-41,46260,"PRIORITY PHYSICIANS, P.C.",NLP,NLP,NLP,26,05/04/2022 12:00:00 AM
2022-05-06T06-12-41,46260,Hematology-Oncology of Indiana,NLP,NLP,NLP,96,02/02/2022 12:00:00 AM
2022-05-06T06-12-41,46260,ST VINCENT HOSPITAL AND HEALTH CARE,NLP,NLP,NLP,433,05/05/2022 12:00:00 AM
2022-05-07T05-45-31,46260,"PRIORITY PHYSICIANS, P.C.",NLP,NLP,NLP,26,05/04/2022 12:00:00 AM
2022-05-07T05-45-31,46260,Hematology-Oncology of Indiana,NLP,NLP,NLP,96,02/02/2022 12:00:00 AM
2022-05-07T05-45-31,46260,ST VINCENT HOSPITAL AND HEALTH CARE,NLP,NLP,NLP,433,05/06/2022 12:00:00 AM
2022-05-08T10-02-59,46260,"PRIORITY PHYSICIANS, P.C.",NLP,NLP,NLP,26,05/04/2022 12:00:00 AM
2022-05-08T10-02-59,46260,Hematology-Oncology of Indiana,NLP,NLP,NLP,96,02/02/2022 12:00:00 AM
2022-05-08T10-02-59,46260,ST VINCENT HOSPITAL AND HEALTH CARE,NLP,NLP,NLP,433,05/06/2022 12:00:00 AM
2022-05-09T05-08-14,46260,Hematology-Oncology of Indiana,NLP,NLP,NLP,96,02/02/2022 12:00:00 AM
2022-05-09T05-08-14,46260,"PRIORITY PHYSICIANS, P.C.",NLP,NLP,NLP,26,05/04/2022 12:00:00 AM
2022-05-09T05-08-14,46260,ST VINCENT HOSPITAL AND HEALTH CARE,NLP,NLP,NLP,433,05/06/2022 12:00:00 AM
2022-05-10T06-06-54,46260,"PRIORITY PHYSICIANS, P.C.",NLP,NLP,NLP,26,05/09/2022 12:00:00 AM
2022-05-10T06-06-54,46260,Hematology-Oncology of Indiana,NLP,NLP,NLP,96,02/02/2022 12:00:00 AM
2022-05-10T06-06-54,46260,ST VINCENT HOSPITAL AND HEALTH CARE,NLP,NLP,NLP,433,05/09/2022 12:00:00 AM
2022-05-11T06-51-12,46260,Hematology-Oncology of Indiana,NLP,NLP,NLP,96,02/02/2022 12:00:00 AM
2022-05-11T06-51-12,46260,"PRIORITY PHYSICIANS, P.C.",NLP,NLP,NLP,26,05/10/2022 12:00:00 AM
2022-05-11T06-51-12,46260,ST VINCENT HOSPITAL AND HEALTH CARE,NLP,NLP,NLP,433,05/10/2022 12:00:00 AM
2022-05-12T07-16-49,46260,Hematology-Oncology of Indiana,NLP,NLP,NLP,96,02/02/2022 12:00:00 AM
2022-05-12T07-16-49,46260,"PRIORITY PHYSICIANS, P.C.",NLP,NLP,NLP,26,05/10/2022 12:00:00 AM
2022-05-12T07-16-49,46260,ST VINCENT HOSPITAL AND HEALTH CARE,NLP,NLP,NLP,433,05/11/2022 12:00:00 AM
2022-05-13T06-07-31,46260,"PRIORITY PHYSICIANS, P.C.",NLP,NLP,NLP,26,05/10/2022 12:00:00 AM
2022-05-13T06-07-31,46260,Hematology-Oncology of Indiana,NLP,NLP,NLP,96,02/02/2022 12:00:00 AM
2022-05-13T06-07-31,46260,ST VINCENT HOSPITAL AND HEALTH CARE,NLP,NLP,NLP,433,05/12/2022 12:00:00 AM
2022-05-14T08-49-14,46260,"PRIORITY PHYSICIANS, P.C.",NLP,NLP,NLP,26,05/13/2022 12:00:00 AM
2022-05-14T08-49-14,46260,Hematology-Oncology of Indiana,NLP,NLP,NLP,96,02/02/2022 12:00:00 AM
2022-05-14T08-49-14,46260,ST VINCENT HOSPITAL AND HEALTH CARE,NLP,NLP,NLP,433,05/13/2022 12:00:00 AM
2022-05-15T05-54-13,46260,"PRIORITY PHYSICIANS, P.C.",NLP,NLP,NLP,26,05/13/2022 12:00:00 AM
2022-05-15T05-54-13,46260,Hematology-Oncology of Indiana,NLP,NLP,NLP,96,02/02/2022 12:00:00 AM
2022-05-15T05-54-13,46260,ST VINCENT HOSPITAL AND HEALTH CARE,NLP,NLP,NLP,433,05/13/2022 12:00:00 AM
2022-05-16T05-54-24,46260,"PRIORITY PHYSICIANS, P.C.",NLP,NLP,NLP,26,05/13/2022 12:00:00 AM
2022-05-16T05-54-24,46260,Hematology-Oncology of Indiana,NLP,NLP,NLP,96,02/02/2022 12:00:00 AM
2022-05-16T05-54-24,46260,ST VINCENT HOSPITAL AND HEALTH CARE,NLP,NLP,NLP,433,05/13/2022 12:00:00 AM
2022-05-17T05-27-38,46260,"PRIORITY PHYSICIANS, P.C.",NLP,NLP,NLP,26,05/16/2022 12:00:00 AM
2022-05-17T05-27-38,46260,Hematology-Oncology of Indiana,NLP,NLP,NLP,96,02/02/2022 12:00:00 AM
2022-05-17T05-27-38,46260,ST VINCENT HOSPITAL AND HEALTH CARE,NLP,NLP,NLP,431,05/16/2022 12:00:00 AM
2022-05-18T05-40-23,46260,"PRIORITY PHYSICIANS, P.C.",NLP,NLP,NLP,26,05/17/2022 12:00:00 AM
2022-05-18T05-40-23,46260,Hematology-Oncology of Indiana,NLP,NLP,NLP,96,02/02/2022 12:00:00 AM
2022-05-18T05-40-23,46260,ST VINCENT HOSPITAL AND HEALTH CARE,NLP,NLP,NLP,430,05/17/2022 12:00:00 AM
2022-05-19T05-25-31,46260,"PRIORITY PHYSICIANS, P.C.",NLP,NLP,NLP,26,05/18/2022 12:00:00 AM
2022-05-19T05-25-31,46260,Hematology-Oncology of Indiana,NLP,NLP,NLP,96,02/02/2022 12:00:00 AM
2022-05-19T05-25-31,46260,ST VINCENT HOSPITAL AND HEALTH CARE,NLP,NLP,NLP,430,05/18/2022 12:00:00 AM
2022-05-20T05-59-40,46260,"PRIORITY PHYSICIANS, P.C.",NLP,NLP,NLP,26,05/18/2022 12:00:00 AM
2022-05-20T05-59-40,46260,Hematology-Oncology of Indiana,NLP,NLP,NLP,96,02/02/2022 12:00:00 AM
2022-05-20T05-59-40,46260,ST VINCENT HOSPITAL AND HEALTH CARE,NLP,NLP,NLP,430,05/18/2022 12:00:00 AM
2022-05-21T05-54-21,46260,Hematology-Oncology of Indiana,NLP,NLP,NLP,96,02/02/2022 12:00:00 AM
2022-05-21T05-54-21,46260,"PRIORITY PHYSICIANS, P.C.",NLP,NLP,NLP,24,05/20/2022 12:00:00 AM
2022-05-21T05-54-21,46260,ST VINCENT HOSPITAL AND HEALTH CARE,NLP,NLP,NLP,428,05/20/2022 12:00:00 AM
2022-05-22T09-07-10,46260,"PRIORITY PHYSICIANS, P.C.",NLP,NLP,NLP,24,05/20/2022 12:00:00 AM
2022-05-22T09-07-10,46260,Hematology-Oncology of Indiana,NLP,NLP,NLP,96,02/02/2022 12:00:00 AM
2022-05-22T09-07-10,46260,ST VINCENT HOSPITAL AND HEALTH CARE,NLP,NLP,NLP,428,05/20/2022 12:00:00 AM
2022-05-23T07-42-39,46260,Hematology-Oncology of Indiana,NLP,NLP,NLP,96,02/02/2022 12:00:00 AM
2022-05-23T07-42-39,46260,"PRIORITY PHYSICIANS, P.C.",NLP,NLP,NLP,24,05/20/2022 12:00:00 AM
2022-05-23T07-42-39,46260,ST VINCENT HOSPITAL AND HEALTH CARE,NLP,NLP,NLP,428,05/20/2022 12:00:00 AM
2022-05-23T07-42-39,46260,Hematology-Oncology of Indiana,NLP,NLP,NLP,96,02/02/2022 12:00:00 AM
2022-05-23T07-42-39,46260,"PRIORITY PHYSICIANS, P.C.",NLP,NLP,NLP,24,05/20/2022 12:00:00 AM
2022-05-23T07-42-39,46260,ST VINCENT HOSPITAL AND HEALTH CARE,NLP,NLP,NLP,428,05/20/2022 12:00:00 AM
2022-05-23T07-42-39,46260,Hematology-Oncology of Indiana,NLP,NLP,NLP,96,02/02/2022 12:00:00 AM
2022-05-23T07-42-39,46260,"PRIORITY PHYSICIANS, P.C.",NLP,NLP,NLP,24,05/20/2022 12:00:00 AM
2022-05-23T07-42-39,46260,ST VINCENT HOSPITAL AND HEALTH CARE,NLP,NLP,NLP,428,05/20/2022 12:00:00 AM
2022-05-23T07-42-39,46260,Hematology-Oncology of Indiana,NLP,NLP,NLP,96,02/02/2022 12:00:00 AM
2022-05-23T07-42-39,46260,"PRIORITY PHYSICIANS, P.C.",NLP,NLP,NLP,24,05/20/2022 12:00:00 AM
2022-05-23T07-42-39,46260,ST VINCENT HOSPITAL AND HEALTH CARE,NLP,NLP,NLP,428,05/20/2022 12:00:00 AM
2022-05-23T07-42-39,46260,Hematology-Oncology of Indiana,NLP,NLP,NLP,96,02/02/2022 12:00:00 AM
2022-05-23T07-42-39,46260,"PRIORITY PHYSICIANS, P.C.",NLP,NLP,NLP,24,05/20/2022 12:00:00 AM
2022-05-23T07-42-39,46260,ST VINCENT HOSPITAL AND HEALTH CARE,NLP,NLP,NLP,428,05/20/2022 12:00:00 AM
2022-05-23T07-42-39,46260,Hematology-Oncology of Indiana,NLP,NLP,NLP,96,02/02/2022 12:00:00 AM
2022-05-23T07-42-39,46260,"PRIORITY PHYSICIANS, P.C.",NLP,NLP,NLP,24,05/20/2022 12:00:00 AM
2022-05-23T07-42-39,46260,ST VINCENT HOSPITAL AND HEALTH CARE,NLP,NLP,NLP,428,05/20/2022 12:00:00 AM
2022-05-23T07-42-39,46260,Hematology-Oncology of Indiana,NLP,NLP,NLP,96,02/02/2022 12:00:00 AM
2022-05-23T07-42-39,46260,"PRIORITY PHYSICIANS, P.C.",NLP,NLP,NLP,24,05/20/2022 12:00:00 AM
2022-05-23T07-42-39,46260,ST VINCENT HOSPITAL AND HEALTH CARE,NLP,NLP,NLP,428,05/20/2022 12:00:00 AM
2022-05-23T07-42-39,46260,Hematology-Oncology of Indiana,NLP,NLP,NLP,96,02/02/2022 12:00:00 AM
2022-05-23T07-42-39,46260,"PRIORITY PHYSICIANS, P.C.",NLP,NLP,NLP,24,05/20/2022 12:00:00 AM
2022-05-23T07-42-39,46260,ST VINCENT HOSPITAL AND HEALTH CARE,NLP,NLP,NLP,428,05/20/2022 12:00:00 AM
2022-05-23T07-42-39,46260,Hematology-Oncology of Indiana,NLP,NLP,NLP,96,02/02/2022 12:00:00 AM
2022-05-23T07-42-39,46260,"PRIORITY PHYSICIANS, P.C.",NLP,NLP,NLP,24,05/20/2022 12:00:00 AM
2022-05-23T07-42-39,46260,ST VINCENT HOSPITAL AND HEALTH CARE,NLP,NLP,NLP,428,05/20/2022 12:00:00 AM
2022-05-23T07-42-39,46260,Hematology-Oncology of Indiana,NLP,NLP,NLP,96,02/02/2022 12:00:00 AM
2022-05-23T07-42-39,46260,"PRIORITY PHYSICIANS, P.C.",NLP,NLP,NLP,24,05/20/2022 12:00:00 AM
2022-05-23T07-42-39,46260,ST VINCENT HOSPITAL AND HEALTH CARE,NLP,NLP,NLP,428,05/20/2022 12:00:00 AM
2022-05-23T07-42-39,46260,Hematology-Oncology of Indiana,NLP,NLP,NLP,96,02/02/2022 12:00:00 AM
2022-05-23T07-42-39,46260,"PRIORITY PHYSICIANS, P.C.",NLP,NLP,NLP,24,05/20/2022 12:00:00 AM
2022-05-23T07-42-39,46260,ST VINCENT HOSPITAL AND HEALTH CARE,NLP,NLP,NLP,428,05/20/2022 12:00:00 AM
2022-05-23T07-42-39,46260,Hematology-Oncology of Indiana,NLP,NLP,NLP,96,02/02/2022 12:00:00 AM
2022-05-23T07-42-39,46260,"PRIORITY PHYSICIANS, P.C.",NLP,NLP,NLP,24,05/20/2022 12:00:00 AM
2022-05-23T07-42-39,46260,ST VINCENT HOSPITAL AND HEALTH CARE,NLP,NLP,NLP,428,05/20/2022 12:00:00 AM
2022-05-23T07-42-39,46260,Hematology-Oncology of Indiana,NLP,NLP,NLP,96,02/02/2022 12:00:00 AM
2022-05-23T07-42-39,46260,"PRIORITY PHYSICIANS, P.C.",NLP,NLP,NLP,24,05/20/2022 12:00:00 AM
2022-05-23T07-42-39,46260,ST VINCENT HOSPITAL AND HEALTH CARE,NLP,NLP,NLP,428,05/20/2022 12:00:00 AM
2022-05-23T07-42-39,46260,Hematology-Oncology of Indiana,NLP,NLP,NLP,96,02/02/2022 12:00:00 AM
2022-05-23T07-42-39,46260,"PRIORITY PHYSICIANS, P.C.",NLP,NLP,NLP,24,05/20/2022 12:00:00 AM
2022-05-23T07-42-39,46260,ST VINCENT HOSPITAL AND HEALTH CARE,NLP,NLP,NLP,428,05/20/2022 12:00:00 AM
2022-05-23T07-42-39,46260,Hematology-Oncology of Indiana,NLP,NLP,NLP,96,02/02/2022 12:00:00 AM
2022-05-23T07-42-39,46260,"PRIORITY PHYSICIANS, P.C.",NLP,NLP,NLP,24,05/20/2022 12:00:00 AM
2022-05-23T07-42-39,46260,ST VINCENT HOSPITAL AND HEALTH CARE,NLP,NLP,NLP,428,05/20/2022 12:00:00 AM
2022-05-23T07-42-39,46260,Hematology-Oncology of Indiana,NLP,NLP,NLP,96,02/02/2022 12:00:00 AM
2022-05-23T07-42-39,46260,"PRIORITY PHYSICIANS, P.C.",NLP,NLP,NLP,24,05/20/2022 12:00:00 AM
2022-05-23T07-42-39,46260,ST VINCENT HOSPITAL AND HEALTH CARE,NLP,NLP,NLP,428,05/20/2022 12:00:00 AM
2022-05-24T05-46-03,46260,"PRIORITY PHYSICIANS, P.C.",NLP,NLP,NLP,24,05/23/2022 12:00:00 AM
2022-05-24T05-46-03,46260,Hematology-Oncology of Indiana,NLP,NLP,NLP,96,02/02/2022 12:00:00 AM
2022-05-24T05-46-03,46260,ST VINCENT HOSPITAL AND HEALTH CARE,NLP,NLP,NLP,428,05/20/2022 12:00:00 AM
2022-05-24T05-46-03,46260,"PRIORITY PHYSICIANS, P.C.",NLP,NLP,NLP,24,05/23/2022 12:00:00 AM
2022-05-24T05-46-03,46260,Hematology-Oncology of Indiana,NLP,NLP,NLP,96,02/02/2022 12:00:00 AM
2022-05-24T05-46-03,46260,ST VINCENT HOSPITAL AND HEALTH CARE,NLP,NLP,NLP,428,05/20/2022 12:00:00 AM
2022-05-24T05-46-03,46260,"PRIORITY PHYSICIANS, P.C.",NLP,NLP,NLP,24,05/23/2022 12:00:00 AM
2022-05-24T05-46-03,46260,Hematology-Oncology of Indiana,NLP,NLP,NLP,96,02/02/2022 12:00:00 AM
2022-05-24T05-46-03,46260,ST VINCENT HOSPITAL AND HEALTH CARE,NLP,NLP,NLP,428,05/20/2022 12:00:00 AM
2022-05-24T05-46-03,46260,"PRIORITY PHYSICIANS, P.C.",NLP,NLP,NLP,24,05/23/2022 12:00:00 AM
2022-05-24T05-46-03,46260,Hematology-Oncology of Indiana,NLP,NLP,NLP,96,02/02/2022 12:00:00 AM
2022-05-24T05-46-03,46260,ST VINCENT HOSPITAL AND HEALTH CARE,NLP,NLP,NLP,428,05/20/2022 12:00:00 AM
2022-05-24T05-46-03,46260,"PRIORITY PHYSICIANS, P.C.",NLP,NLP,NLP,24,05/23/2022 12:00:00 AM
2022-05-24T05-46-03,46260,Hematology-Oncology of Indiana,NLP,NLP,NLP,96,02/02/2022 12:00:00 AM
2022-05-24T05-46-03,46260,ST VINCENT HOSPITAL AND HEALTH CARE,NLP,NLP,NLP,428,05/20/2022 12:00:00 AM
2022-05-24T05-46-03,46260,"PRIORITY PHYSICIANS, P.C.",NLP,NLP,NLP,24,05/23/2022 12:00:00 AM
2022-05-24T05-46-03,46260,Hematology-Oncology of Indiana,NLP,NLP,NLP,96,02/02/2022 12:00:00 AM
2022-05-24T05-46-03,46260,ST VINCENT HOSPITAL AND HEALTH CARE,NLP,NLP,NLP,428,05/20/2022 12:00:00 AM
2022-05-24T05-46-03,46260,"PRIORITY PHYSICIANS, P.C.",NLP,NLP,NLP,24,05/23/2022 12:00:00 AM
2022-05-24T05-46-03,46260,Hematology-Oncology of Indiana,NLP,NLP,NLP,96,02/02/2022 12:00:00 AM
2022-05-24T05-46-03,46260,ST VINCENT HOSPITAL AND HEALTH CARE,NLP,NLP,NLP,428,05/20/2022 12:00:00 AM
2022-05-24T05-46-03,46260,"PRIORITY PHYSICIANS, P.C.",NLP,NLP,NLP,24,05/23/2022 12:00:00 AM
2022-05-24T05-46-03,46260,Hematology-Oncology of Indiana,NLP,NLP,NLP,96,02/02/2022 12:00:00 AM
2022-05-24T05-46-03,46260,ST VINCENT HOSPITAL AND HEALTH CARE,NLP,NLP,NLP,428,05/20/2022 12:00:00 AM
2022-05-24T05-46-03,46260,"PRIORITY PHYSICIANS, P.C.",NLP,NLP,NLP,24,05/23/2022 12:00:00 AM
2022-05-24T05-46-03,46260,Hematology-Oncology of Indiana,NLP,NLP,NLP,96,02/02/2022 12:00:00 AM
2022-05-24T05-46-03,46260,ST VINCENT HOSPITAL AND HEALTH CARE,NLP,NLP,NLP,428,05/20/2022 12:00:00 AM
2022-05-24T05-46-03,46260,"PRIORITY PHYSICIANS, P.C.",NLP,NLP,NLP,24,05/23/2022 12:00:00 AM
2022-05-24T05-46-03,46260,Hematology-Oncology of Indiana,NLP,NLP,NLP,96,02/02/2022 12:00:00 AM
2022-05-24T05-46-03,46260,ST VINCENT HOSPITAL AND HEALTH CARE,NLP,NLP,NLP,428,05/20/2022 12:00:00 AM
2022-05-24T05-46-03,46260,"PRIORITY PHYSICIANS, P.C.",NLP,NLP,NLP,24,05/23/2022 12:00:00 AM
2022-05-24T05-46-03,46260,Hematology-Oncology of Indiana,NLP,NLP,NLP,96,02/02/2022 12:00:00 AM
2022-05-24T05-46-03,46260,ST VINCENT HOSPITAL AND HEALTH CARE,NLP,NLP,NLP,428,05/20/2022 12:00:00 AM
2022-05-24T05-46-03,46260,"PRIORITY PHYSICIANS, P.C.",NLP,NLP,NLP,24,05/23/2022 12:00:00 AM
2022-05-24T05-46-03,46260,Hematology-Oncology of Indiana,NLP,NLP,NLP,96,02/02/2022 12:00:00 AM
2022-05-24T05-46-03,46260,ST VINCENT HOSPITAL AND HEALTH CARE,NLP,NLP,NLP,428,05/20/2022 12:00:00 AM
2022-05-24T05-46-03,46260,"PRIORITY PHYSICIANS, P.C.",NLP,NLP,NLP,24,05/23/2022 12:00:00 AM
2022-05-24T05-46-03,46260,Hematology-Oncology of Indiana,NLP,NLP,NLP,96,02/02/2022 12:00:00 AM
2022-05-24T05-46-03,46260,ST VINCENT HOSPITAL AND HEALTH CARE,NLP,NLP,NLP,428,05/20/2022 12:00:00 AM
2022-05-24T05-46-03,46260,"PRIORITY PHYSICIANS, P.C.",NLP,NLP,NLP,24,05/23/2022 12:00:00 AM
2022-05-24T05-46-03,46260,Hematology-Oncology of Indiana,NLP,NLP,NLP,96,02/02/2022 12:00:00 AM
2022-05-24T05-46-03,46260,ST VINCENT HOSPITAL AND HEALTH CARE,NLP,NLP,NLP,428,05/20/2022 12:00:00 AM
2022-05-24T05-46-03,46260,"PRIORITY PHYSICIANS, P.C.",NLP,NLP,NLP,24,05/23/2022 12:00:00 AM
2022-05-24T05-46-03,46260,Hematology-Oncology of Indiana,NLP,NLP,NLP,96,02/02/2022 12:00:00 AM
2022-05-24T05-46-03,46260,ST VINCENT HOSPITAL AND HEALTH CARE,NLP,NLP,NLP,428,05/20/2022 12:00:00 AM
2022-05-24T05-46-03,46260,"PRIORITY PHYSICIANS, P.C.",NLP,NLP,NLP,24,05/23/2022 12:00:00 AM
2022-05-24T05-46-03,46260,Hematology-Oncology of Indiana,NLP,NLP,NLP,96,02/02/2022 12:00:00 AM
2022-05-24T05-46-03,46260,ST VINCENT HOSPITAL AND HEALTH CARE,NLP,NLP,NLP,428,05/20/2022 12:00:00 AM
2022-05-24T05-46-03,46260,"PRIORITY PHYSICIANS, P.C.",NLP,NLP,NLP,24,05/23/2022 12:00:00 AM
2022-05-24T05-46-03,46260,Hematology-Oncology of Indiana,NLP,NLP,NLP,96,02/02/2022 12:00:00 AM
2022-05-24T05-46-03,46260,ST VINCENT HOSPITAL AND HEALTH CARE,NLP,NLP,NLP,428,05/20/2022 12:00:00 AM
2022-05-24T05-46-03,46260,"PRIORITY PHYSICIANS, P.C.",NLP,NLP,NLP,24,05/23/2022 12:00:00 AM
2022-05-24T05-46-03,46260,Hematology-Oncology of Indiana,NLP,NLP,NLP,96,02/02/2022 12:00:00 AM
2022-05-24T05-46-03,46260,ST VINCENT HOSPITAL AND HEALTH CARE,NLP,NLP,NLP,428,05/20/2022 12:00:00 AM
2022-05-24T05-46-03,46260,"PRIORITY PHYSICIANS, P.C.",NLP,NLP,NLP,24,05/23/2022 12:00:00 AM
2022-05-24T05-46-03,46260,Hematology-Oncology of Indiana,NLP,NLP,NLP,96,02/02/2022 12:00:00 AM
2022-05-24T05-46-03,46260,ST VINCENT HOSPITAL AND HEALTH CARE,NLP,NLP,NLP,428,05/20/2022 12:00:00 AM
2022-05-24T05-46-03,46260,"PRIORITY PHYSICIANS, P.C.",NLP,NLP,NLP,24,05/23/2022 12:00:00 AM
2022-05-24T05-46-03,46260,Hematology-Oncology of Indiana,NLP,NLP,NLP,96,02/02/2022 12:00:00 AM
2022-05-24T05-46-03,46260,ST VINCENT HOSPITAL AND HEALTH CARE,NLP,NLP,NLP,428,05/20/2022 12:00:00 AM
2022-05-24T05-46-03,46260,"PRIORITY PHYSICIANS, P.C.",NLP,NLP,NLP,24,05/23/2022 12:00:00 AM
2022-05-24T05-46-03,46260,Hematology-Oncology of Indiana,NLP,NLP,NLP,96,02/02/2022 12:00:00 AM
2022-05-24T05-46-03,46260,ST VINCENT HOSPITAL AND HEALTH CARE,NLP,NLP,NLP,428,05/20/2022 12:00:00 AM
2022-05-24T05-46-03,46260,"PRIORITY PHYSICIANS, P.C.",NLP,NLP,NLP,24,05/23/2022 12:00:00 AM
2022-05-24T05-46-03,46260,Hematology-Oncology of Indiana,NLP,NLP,NLP,96,02/02/2022 12:00:00 AM
2022-05-24T05-46-03,46260,ST VINCENT HOSPITAL AND HEALTH CARE,NLP,NLP,NLP,428,05/20/2022 12:00:00 AM
2022-05-25T05-39-27,46260,Hematology-Oncology of Indiana,NLP,NLP,NLP,96,02/02/2022 12:00:00 AM
2022-05-25T05-39-27,46260,"PRIORITY PHYSICIANS, P.C.",NLP,NLP,NLP,24,05/23/2022 12:00:00 AM
2022-05-25T05-39-27,46260,ST VINCENT HOSPITAL AND HEALTH CARE,NLP,NLP,NLP,428,05/20/2022 12:00:00 AM
2022-05-25T05-39-27,46260,Hematology-Oncology of Indiana,NLP,NLP,NLP,96,02/02/2022 12:00:00 AM
2022-05-25T05-39-27,46260,"PRIORITY PHYSICIANS, P.C.",NLP,NLP,NLP,24,05/23/2022 12:00:00 AM
2022-05-25T05-39-27,46260,ST VINCENT HOSPITAL AND HEALTH CARE,NLP,NLP,NLP,428,05/20/2022 12:00:00 AM
2022-05-25T05-39-27,46260,Hematology-Oncology of Indiana,NLP,NLP,NLP,96,02/02/2022 12:00:00 AM
2022-05-25T05-39-27,46260,"PRIORITY PHYSICIANS, P.C.",NLP,NLP,NLP,24,05/23/2022 12:00:00 AM
2022-05-25T05-39-27,46260,ST VINCENT HOSPITAL AND HEALTH CARE,NLP,NLP,NLP,428,05/20/2022 12:00:00 AM
2022-05-25T05-39-27,46260,Hematology-Oncology of Indiana,NLP,NLP,NLP,96,02/02/2022 12:00:00 AM
2022-05-25T05-39-27,46260,"PRIORITY PHYSICIANS, P.C.",NLP,NLP,NLP,24,05/23/2022 12:00:00 AM
2022-05-25T05-39-27,46260,ST VINCENT HOSPITAL AND HEALTH CARE,NLP,NLP,NLP,428,05/20/2022 12:00:00 AM
2022-05-25T05-39-27,46260,Hematology-Oncology of Indiana,NLP,NLP,NLP,96,02/02/2022 12:00:00 AM
2022-05-25T05-39-27,46260,"PRIORITY PHYSICIANS, P.C.",NLP,NLP,NLP,24,05/23/2022 12:00:00 AM
2022-05-25T05-39-27,46260,ST VINCENT HOSPITAL AND HEALTH CARE,NLP,NLP,NLP,428,05/20/2022 12:00:00 AM
2022-05-25T05-39-27,46260,Hematology-Oncology of Indiana,NLP,NLP,NLP,96,02/02/2022 12:00:00 AM
2022-05-25T05-39-27,46260,"PRIORITY PHYSICIANS, P.C.",NLP,NLP,NLP,24,05/23/2022 12:00:00 AM
2022-05-25T05-39-27,46260,ST VINCENT HOSPITAL AND HEALTH CARE,NLP,NLP,NLP,428,05/20/2022 12:00:00 AM
2022-05-25T05-39-27,46260,Hematology-Oncology of Indiana,NLP,NLP,NLP,96,02/02/2022 12:00:00 AM
2022-05-25T05-39-27,46260,"PRIORITY PHYSICIANS, P.C.",NLP,NLP,NLP,24,05/23/2022 12:00:00 AM
2022-05-25T05-39-27,46260,ST VINCENT HOSPITAL AND HEALTH CARE,NLP,NLP,NLP,428,05/20/2022 12:00:00 AM
2022-05-25T05-39-27,46260,Hematology-Oncology of Indiana,NLP,NLP,NLP,96,02/02/2022 12:00:00 AM
2022-05-25T05-39-27,46260,"PRIORITY PHYSICIANS, P.C.",NLP,NLP,NLP,24,05/23/2022 12:00:00 AM
2022-05-25T05-39-27,46260,ST VINCENT HOSPITAL AND HEALTH CARE,NLP,NLP,NLP,428,05/20/2022 12:00:00 AM
2022-05-25T05-39-27,46260,Hematology-Oncology of Indiana,NLP,NLP,NLP,96,02/02/2022 12:00:00 AM
2022-05-25T05-39-27,46260,"PRIORITY PHYSICIANS, P.C.",NLP,NLP,NLP,24,05/23/2022 12:00:00 AM
2022-05-25T05-39-27,46260,ST VINCENT HOSPITAL AND HEALTH CARE,NLP,NLP,NLP,428,05/20/2022 12:00:00 AM
2022-05-25T05-39-27,46260,Hematology-Oncology of Indiana,NLP,NLP,NLP,96,02/02/2022 12:00:00 AM
2022-05-25T05-39-27,46260,"PRIORITY PHYSICIANS, P.C.",NLP,NLP,NLP,24,05/23/2022 12:00:00 AM
2022-05-25T05-39-27,46260,ST VINCENT HOSPITAL AND HEALTH CARE,NLP,NLP,NLP,428,05/20/2022 12:00:00 AM
2022-05-25T05-39-27,46260,Hematology-Oncology of Indiana,NLP,NLP,NLP,96,02/02/2022 12:00:00 AM
2022-05-25T05-39-27,46260,"PRIORITY PHYSICIANS, P.C.",NLP,NLP,NLP,24,05/23/2022 12:00:00 AM
2022-05-25T05-39-27,46260,ST VINCENT HOSPITAL AND HEALTH CARE,NLP,NLP,NLP,428,05/20/2022 12:00:00 AM
2022-05-25T05-39-27,46260,Hematology-Oncology of Indiana,NLP,NLP,NLP,96,02/02/2022 12:00:00 AM
2022-05-25T05-39-27,46260,"PRIORITY PHYSICIANS, P.C.",NLP,NLP,NLP,24,05/23/2022 12:00:00 AM
2022-05-25T05-39-27,46260,ST VINCENT HOSPITAL AND HEALTH CARE,NLP,NLP,NLP,428,05/20/2022 12:00:00 AM
2022-05-25T05-39-27,46260,Hematology-Oncology of Indiana,NLP,NLP,NLP,96,02/02/2022 12:00:00 AM
2022-05-25T05-39-27,46260,"PRIORITY PHYSICIANS, P.C.",NLP,NLP,NLP,24,05/23/2022 12:00:00 AM
2022-05-25T05-39-27,46260,ST VINCENT HOSPITAL AND HEALTH CARE,NLP,NLP,NLP,428,05/20/2022 12:00:00 AM
2022-05-25T05-39-27,46260,Hematology-Oncology of Indiana,NLP,NLP,NLP,96,02/02/2022 12:00:00 AM
2022-05-25T05-39-27,46260,"PRIORITY PHYSICIANS, P.C.",NLP,NLP,NLP,24,05/23/2022 12:00:00 AM
2022-05-25T05-39-27,46260,ST VINCENT HOSPITAL AND HEALTH CARE,NLP,NLP,NLP,428,05/20/2022 12:00:00 AM
2022-05-25T05-39-27,46260,Hematology-Oncology of Indiana,NLP,NLP,NLP,96,02/02/2022 12:00:00 AM
2022-05-25T05-39-27,46260,"PRIORITY PHYSICIANS, P.C.",NLP,NLP,NLP,24,05/23/2022 12:00:00 AM
2022-05-25T05-39-27,46260,ST VINCENT HOSPITAL AND HEALTH CARE,NLP,NLP,NLP,428,05/20/2022 12:00:00 AM
2022-05-25T05-39-27,46260,Hematology-Oncology of Indiana,NLP,NLP,NLP,96,02/02/2022 12:00:00 AM
2022-05-25T05-39-27,46260,"PRIORITY PHYSICIANS, P.C.",NLP,NLP,NLP,24,05/23/2022 12:00:00 AM
2022-05-25T05-39-27,46260,ST VINCENT HOSPITAL AND HEALTH CARE,NLP,NLP,NLP,428,05/20/2022 12:00:00 AM
2022-05-25T05-39-27,46260,Hematology-Oncology of Indiana,NLP,NLP,NLP,96,02/02/2022 12:00:00 AM
2022-05-25T05-39-27,46260,"PRIORITY PHYSICIANS, P.C.",NLP,NLP,NLP,24,05/23/2022 12:00:00 AM
2022-05-25T05-39-27,46260,ST VINCENT HOSPITAL AND HEALTH CARE,NLP,NLP,NLP,428,05/20/2022 12:00:00 AM
2022-05-25T05-39-27,46260,Hematology-Oncology of Indiana,NLP,NLP,NLP,96,02/02/2022 12:00:00 AM
2022-05-25T05-39-27,46260,"PRIORITY PHYSICIANS, P.C.",NLP,NLP,NLP,24,05/23/2022 12:00:00 AM
2022-05-25T05-39-27,46260,ST VINCENT HOSPITAL AND HEALTH CARE,NLP,NLP,NLP,428,05/20/2022 12:00:00 AM
2022-05-25T05-39-27,46260,Hematology-Oncology of Indiana,NLP,NLP,NLP,96,02/02/2022 12:00:00 AM
2022-05-25T05-39-27,46260,"PRIORITY PHYSICIANS, P.C.",NLP,NLP,NLP,24,05/23/2022 12:00:00 AM
2022-05-25T05-39-27,46260,ST VINCENT HOSPITAL AND HEALTH CARE,NLP,NLP,NLP,428,05/20/2022 12:00:00 AM
2022-05-25T05-39-27,46260,Hematology-Oncology of Indiana,NLP,NLP,NLP,96,02/02/2022 12:00:00 AM
2022-05-25T05-39-27,46260,"PRIORITY PHYSICIANS, P.C.",NLP,NLP,NLP,24,05/23/2022 12:00:00 AM
2022-05-25T05-39-27,46260,ST VINCENT HOSPITAL AND HEALTH CARE,NLP,NLP,NLP,428,05/20/2022 12:00:00 AM
2022-05-25T05-39-27,46260,Hematology-Oncology of Indiana,NLP,NLP,NLP,96,02/02/2022 12:00:00 AM
2022-05-25T05-39-27,46260,"PRIORITY PHYSICIANS, P.C.",NLP,NLP,NLP,24,05/23/2022 12:00:00 AM
2022-05-25T05-39-27,46260,ST VINCENT HOSPITAL AND HEALTH CARE,NLP,NLP,NLP,428,05/20/2022 12:00:00 AM
2022-05-25T05-39-27,46260,Hematology-Oncology of Indiana,NLP,NLP,NLP,96,02/02/2022 12:00:00 AM
2022-05-25T05-39-27,46260,"PRIORITY PHYSICIANS, P.C.",NLP,NLP,NLP,24,05/23/2022 12:00:00 AM
2022-05-25T05-39-27,46260,ST VINCENT HOSPITAL AND HEALTH CARE,NLP,NLP,NLP,428,05/20/2022 12:00:00 AM
2022-05-25T05-39-27,46260,Hematology-Oncology of Indiana,NLP,NLP,NLP,96,02/02/2022 12:00:00 AM
2022-05-25T05-39-27,46260,"PRIORITY PHYSICIANS, P.C.",NLP,NLP,NLP,24,05/23/2022 12:00:00 AM
2022-05-25T05-39-27,46260,ST VINCENT HOSPITAL AND HEALTH CARE,NLP,NLP,NLP,428,05/20/2022 12:00:00 AM
2022-05-25T05-39-27,46260,Hematology-Oncology of Indiana,NLP,NLP,NLP,96,02/02/2022 12:00:00 AM
2022-05-25T05-39-27,46260,"PRIORITY PHYSICIANS, P.C.",NLP,NLP,NLP,24,05/23/2022 12:00:00 AM
2022-05-25T05-39-27,46260,ST VINCENT HOSPITAL AND HEALTH CARE,NLP,NLP,NLP,428,05/20/2022 12:00:00 AM
2022-05-25T05-39-27,46260,Hematology-Oncology of Indiana,NLP,NLP,NLP,96,02/02/2022 12:00:00 AM
2022-05-25T05-39-27,46260,"PRIORITY PHYSICIANS, P.C.",NLP,NLP,NLP,24,05/23/2022 12:00:00 AM
2022-05-25T05-39-27,46260,ST VINCENT HOSPITAL AND HEALTH CARE,NLP,NLP,NLP,428,05/20/2022 12:00:00 AM
2022-05-26T07-59-29,46260,Hematology-Oncology of Indiana,NLP,NLP,NLP,96,02/02/2022 12:00:00 AM
2022-05-26T07-59-29,46260,"PRIORITY PHYSICIANS, P.C.",NLP,NLP,NLP,24,05/23/2022 12:00:00 AM
2022-05-26T07-59-29,46260,ST VINCENT HOSPITAL AND HEALTH CARE,NLP,NLP,NLP,428,05/25/2022 12:00:00 AM
2022-05-26T07-59-29,46260,Hematology-Oncology of Indiana,NLP,NLP,NLP,96,02/02/2022 12:00:00 AM
2022-05-26T07-59-29,46260,"PRIORITY PHYSICIANS, P.C.",NLP,NLP,NLP,24,05/23/2022 12:00:00 AM
2022-05-26T07-59-29,46260,ST VINCENT HOSPITAL AND HEALTH CARE,NLP,NLP,NLP,428,05/25/2022 12:00:00 AM
2022-05-26T07-59-29,46260,Hematology-Oncology of Indiana,NLP,NLP,NLP,96,02/02/2022 12:00:00 AM
2022-05-26T07-59-29,46260,"PRIORITY PHYSICIANS, P.C.",NLP,NLP,NLP,24,05/23/2022 12:00:00 AM
2022-05-26T07-59-29,46260,ST VINCENT HOSPITAL AND HEALTH CARE,NLP,NLP,NLP,428,05/25/2022 12:00:00 AM
2022-05-27T05-48-57,46260,Hematology-Oncology of Indiana,NLP,NLP,NLP,96,02/02/2022 12:00:00 AM
2022-05-27T05-48-57,46260,"PRIORITY PHYSICIANS, P.C.",NLP,NLP,NLP,22,05/26/2022 12:00:00 AM
2022-05-27T05-48-57,46260,ST VINCENT HOSPITAL AND HEALTH CARE,NLP,NLP,NLP,428,05/26/2022 12:00:00 AM
2022-05-28T05-34-18,46260,Hematology-Oncology of Indiana,NLP,NLP,NLP,96,02/02/2022 12:00:00 AM
2022-05-28T05-34-18,46260,"PRIORITY PHYSICIANS, P.C.",NLP,NLP,NLP,22,05/27/2022 12:00:00 AM
2022-05-28T05-34-18,46260,ST VINCENT HOSPITAL AND HEALTH CARE,NLP,NLP,NLP,428,05/27/2022 12:00:00 AM
2022-05-29T05-31-58,46260,"PRIORITY PHYSICIANS, P.C.",NLP,NLP,NLP,22,05/27/2022 12:00:00 AM
2022-05-29T05-31-58,46260,Hematology-Oncology of Indiana,NLP,NLP,NLP,96,02/02/2022 12:00:00 AM
2022-05-29T05-31-58,46260,ST VINCENT HOSPITAL AND HEALTH CARE,NLP,NLP,NLP,428,05/27/2022 12:00:00 AM
2022-05-30T05-32-42,46260,"PRIORITY PHYSICIANS, P.C.",NLP,NLP,NLP,22,05/27/2022 12:00:00 AM
2022-05-30T05-32-42,46260,ST VINCENT HOSPITAL AND HEALTH CARE,NLP,NLP,NLP,428,05/27/2022 12:00:00 AM
2022-05-31T08-56-01,46260,"PRIORITY PHYSICIANS, P.C.",NLP,NLP,NLP,22,05/27/2022 12:00:00 AM
2022-05-31T08-56-01,46260,ST VINCENT HOSPITAL AND HEALTH CARE,NLP,NLP,NLP,428,05/30/2022 12:00:00 AM
2022-06-01T05-37-50,46260,"PRIORITY PHYSICIANS, P.C.",NLP,NLP,NLP,22,05/31/2022 12:00:00 AM
2022-06-01T05-37-50,46260,ST VINCENT HOSPITAL AND HEALTH CARE,NLP,NLP,NLP,428,05/31/2022 12:00:00 AM
2022-06-02T07-54-10,46260,"PRIORITY PHYSICIANS, P.C.",NLP,NLP,NLP,22,06/01/2022 12:00:00 AM
2022-06-02T07-54-10,46260,ST VINCENT HOSPITAL AND HEALTH CARE,NLP,NLP,NLP,428,06/01/2022 12:00:00 AM
2022-06-03T08-50-11,46260,"PRIORITY PHYSICIANS, P.C.",NLP,NLP,NLP,22,06/01/2022 12:00:00 AM
2022-06-03T08-50-11,46260,ST VINCENT HOSPITAL AND HEALTH CARE,NLP,NLP,NLP,428,06/01/2022 12:00:00 AM
2022-06-04T19-11-08,46260,ST VINCENT HOSPITAL AND HEALTH CARE,NLP,NLP,NLP,428,06/03/2022 12:00:00 AM
2022-06-04T19-11-08,46260,"PRIORITY PHYSICIANS, P.C.",NLP,NLP,NLP,22,06/03/2022 12:00:00 AM
2022-06-05T08-48-25,46260,ST VINCENT HOSPITAL AND HEALTH CARE,NLP,NLP,NLP,428,06/03/2022 12:00:00 AM
2022-06-05T08-48-25,46260,"PRIORITY PHYSICIANS, P.C.",NLP,NLP,NLP,22,06/03/2022 12:00:00 AM
2022-06-06T06-32-51,46260,ST VINCENT HOSPITAL AND HEALTH CARE,NLP,NLP,NLP,428,06/03/2022 12:00:00 AM
2022-06-06T06-32-51,46260,"PRIORITY PHYSICIANS, P.C.",NLP,NLP,NLP,22,06/03/2022 12:00:00 AM
2022-06-07T05-36-41,46260,"PRIORITY PHYSICIANS, P.C.",NLP,NLP,NLP,22,06/03/2022 12:00:00 AM
2022-06-07T05-36-41,46260,ST VINCENT HOSPITAL AND HEALTH CARE,NLP,NLP,NLP,428,06/06/2022 12:00:00 AM
2022-06-08T05-42-02,46260,"PRIORITY PHYSICIANS, P.C.",NLP,NLP,NLP,22,06/03/2022 12:00:00 AM
2022-06-08T05-42-02,46260,ST VINCENT HOSPITAL AND HEALTH CARE,NLP,NLP,NLP,426,06/07/2022 12:00:00 AM
2022-06-09T04-15-20,46260,"PRIORITY PHYSICIANS, P.C.",NLP,NLP,NLP,22,06/08/2022 12:00:00 AM
2022-06-09T04-15-20,46260,ST VINCENT HOSPITAL AND HEALTH CARE,NLP,NLP,NLP,426,06/07/2022 12:00:00 AM
2022-06-10T04-15-36,46260,"PRIORITY PHYSICIANS, P.C.",NLP,NLP,NLP,22,06/09/2022 12:00:00 AM
2022-06-10T04-15-36,46260,ST VINCENT HOSPITAL AND HEALTH CARE,NLP,NLP,NLP,424,06/09/2022 12:00:00 AM
2022-06-11T04-15-14,46260,"PRIORITY PHYSICIANS, P.C.",NLP,NLP,NLP,22,06/09/2022 12:00:00 AM
2022-06-11T04-15-14,46260,ST VINCENT HOSPITAL AND HEALTH CARE,NLP,NLP,NLP,424,06/09/2022 12:00:00 AM
2022-06-12T04-15-15,46260,"PRIORITY PHYSICIANS, P.C.",NLP,NLP,NLP,22,06/09/2022 12:00:00 AM
2022-06-12T04-15-15,46260,ST VINCENT HOSPITAL AND HEALTH CARE,NLP,NLP,NLP,424,06/09/2022 12:00:00 AM
2022-06-13T04-15-40,46260,ST VINCENT HOSPITAL AND HEALTH CARE,NLP,NLP,NLP,424,06/09/2022 12:00:00 AM
2022-06-13T04-15-40,46260,"PRIORITY PHYSICIANS, P.C.",NLP,NLP,NLP,22,06/09/2022 12:00:00 AM
2022-06-14T04-15-16,46260,"PRIORITY PHYSICIANS, P.C.",NLP,NLP,NLP,22,06/09/2022 12:00:00 AM
2022-06-14T04-15-16,46260,ST VINCENT HOSPITAL AND HEALTH CARE,NLP,NLP,NLP,424,06/09/2022 12:00:00 AM
2022-06-15T04-15-27,46260,ST VINCENT HOSPITAL AND HEALTH CARE,NLP,NLP,NLP,424,06/14/2022 12:00:00 AM
2022-06-15T04-15-27,46260,"PRIORITY PHYSICIANS, P.C.",NLP,NLP,NLP,22,06/09/2022 12:00:00 AM
2022-06-16T04-15-45,46260,"PRIORITY PHYSICIANS, P.C.",NLP,NLP,NLP,22,06/09/2022 12:00:00 AM
2022-06-16T04-15-45,46260,ST VINCENT HOSPITAL AND HEALTH CARE,NLP,NLP,NLP,424,06/14/2022 12:00:00 AM
2022-06-17T04-15-27,46260,ST VINCENT HOSPITAL AND HEALTH CARE,NLP,NLP,NLP,424,06/16/2022 12:00:00 AM
2022-06-17T04-15-27,46260,"PRIORITY PHYSICIANS, P.C.",NLP,NLP,NLP,22,06/16/2022 12:00:00 AM
2022-06-18T04-15-18,46260,"PRIORITY PHYSICIANS, P.C.",NLP,NLP,NLP,22,06/16/2022 12:00:00 AM
2022-06-18T04-15-18,46260,ST VINCENT HOSPITAL AND HEALTH CARE,NLP,NLP,NLP,424,06/16/2022 12:00:00 AM
2022-06-19T04-15-29,46260,ST VINCENT HOSPITAL AND HEALTH CARE,NLP,NLP,NLP,424,06/16/2022 12:00:00 AM
2022-06-19T04-15-29,46260,"PRIORITY PHYSICIANS, P.C.",NLP,NLP,NLP,22,06/16/2022 12:00:00 AM
2022-06-20T04-15-58,46260,ST VINCENT HOSPITAL AND HEALTH CARE,NLP,NLP,NLP,424,06/16/2022 12:00:00 AM
2022-06-20T04-15-58,46260,"PRIORITY PHYSICIANS, P.C.",NLP,NLP,NLP,22,06/16/2022 12:00:00 AM
2022-06-21T04-15-35,46260,ST VINCENT HOSPITAL AND HEALTH CARE,NLP,NLP,NLP,424,06/16/2022 12:00:00 AM
2022-06-21T04-15-35,46260,"PRIORITY PHYSICIANS, P.C.",NLP,NLP,NLP,22,06/20/2022 12:00:00 AM
2022-06-22T04-15-20,46260,"PRIORITY PHYSICIANS, P.C.",NLP,NLP,NLP,22,06/20/2022 12:00:00 AM
2022-06-22T04-15-20,46260,ST VINCENT HOSPITAL AND HEALTH CARE,NLP,NLP,NLP,421,06/21/2022 12:00:00 AM
2022-06-23T04-15-16,46260,"PRIORITY PHYSICIANS, P.C.",NLP,NLP,NLP,22,06/20/2022 12:00:00 AM
2022-06-23T04-15-16,46260,ST VINCENT HOSPITAL AND HEALTH CARE,NLP,NLP,NLP,421,06/21/2022 12:00:00 AM
2022-06-24T04-15-26,46260,"PRIORITY PHYSICIANS, P.C.",NLP,NLP,NLP,22,06/20/2022 12:00:00 AM
2022-06-24T04-15-26,46260,ST VINCENT HOSPITAL AND HEALTH CARE,NLP,NLP,NLP,419,06/23/2022 12:00:00 AM
2022-06-25T04-15-18,46260,"PRIORITY PHYSICIANS, P.C.",NLP,NLP,NLP,22,06/24/2022 12:00:00 AM
2022-06-25T04-15-18,46260,ST VINCENT HOSPITAL AND HEALTH CARE,NLP,NLP,NLP,419,06/23/2022 12:00:00 AM
2022-06-26T04-15-17,46260,ST VINCENT HOSPITAL AND HEALTH CARE,NLP,NLP,NLP,419,06/23/2022 12:00:00 AM
2022-06-26T04-15-17,46260,"PRIORITY PHYSICIANS, P.C.",NLP,NLP,NLP,22,06/24/2022 12:00:00 AM
2022-06-27T04-15-31,46260,ST VINCENT HOSPITAL AND HEALTH CARE,NLP,NLP,NLP,419,06/23/2022 12:00:00 AM
2022-06-27T04-15-31,46260,"PRIORITY PHYSICIANS, P.C.",NLP,NLP,NLP,22,06/24/2022 12:00:00 AM
2022-06-28T04-15-44,46260,ST VINCENT HOSPITAL AND HEALTH CARE,NLP,NLP,NLP,419,06/23/2022 12:00:00 AM
2022-06-28T04-15-44,46260,"PRIORITY PHYSICIANS, P.C.",NLP,NLP,NLP,22,06/24/2022 12:00:00 AM
2022-06-29T04-15-40,46260,ST VINCENT HOSPITAL AND HEALTH CARE,NLP,NLP,NLP,419,06/23/2022 12:00:00 AM
2022-06-29T04-15-40,46260,"PRIORITY PHYSICIANS, P.C.",NLP,NLP,NLP,22,06/28/2022 12:00:00 AM
2022-06-30T04-15-32,46260,"PRIORITY PHYSICIANS, P.C.",NLP,NLP,NLP,22,06/28/2022 12:00:00 AM
2022-06-30T04-15-32,46260,ST VINCENT HOSPITAL AND HEALTH CARE,NLP,NLP,NLP,419,06/23/2022 12:00:00 AM
2022-07-01T04-15-22,46260,ST VINCENT HOSPITAL AND HEALTH CARE,NLP,NLP,NLP,419,06/23/2022 12:00:00 AM
2022-07-03T14-40-38,46260,ST VINCENT HOSPITAL AND HEALTH CARE,NLP,NLP,NLP,419,06/23/2022 12:00:00 AM
2022-07-04T04-15-29,46260,ST VINCENT HOSPITAL AND HEALTH CARE,NLP,NLP,NLP,419,06/23/2022 12:00:00 AM
2022-07-05T04-15-18,46260,ST VINCENT HOSPITAL AND HEALTH CARE,NLP,NLP,NLP,419,06/23/2022 12:00:00 AM
2022-07-06T04-15-19,46260,ST VINCENT HOSPITAL AND HEALTH CARE,NLP,NLP,NLP,409,07/05/2022 12:00:00 AM
2022-07-07T04-15-17,46260,ST VINCENT HOSPITAL AND HEALTH CARE,NLP,NLP,NLP,409,07/05/2022 12:00:00 AM
2022-07-07T13-15-18,46260,ST VINCENT HOSPITAL AND HEALTH CARE,NLP,NLP,NLP,409,07/05/2022 12:00:00 AM
2022-07-08T04-15-19,46260,ST VINCENT HOSPITAL AND HEALTH CARE,NLP,NLP,NLP,407,07/07/2022 12:00:00 AM
2022-07-09T04-15-19,46260,ST VINCENT HOSPITAL AND HEALTH CARE,NLP,NLP,NLP,407,07/07/2022 12:00:00 AM
2022-07-10T04-15-26,46260,ST VINCENT HOSPITAL AND HEALTH CARE,NLP,NLP,NLP,407,07/07/2022 12:00:00 AM
2022-07-11T04-15-25,46260,ST VINCENT HOSPITAL AND HEALTH CARE,NLP,NLP,NLP,407,07/07/2022 12:00:00 AM
2022-07-12T04-15-22,46260,ST VINCENT HOSPITAL AND HEALTH CARE,NLP,NLP,NLP,407,07/07/2022 12:00:00 AM
2022-07-13T04-15-22,46260,ST VINCENT HOSPITAL AND HEALTH CARE,NLP,NLP,NLP,407,07/12/2022 12:00:00 AM
2022-07-14T04-15-29,46260,ST VINCENT HOSPITAL AND HEALTH CARE,NLP,NLP,NLP,407,07/12/2022 12:00:00 AM
2022-07-15T04-15-46,46260,ST VINCENT HOSPITAL AND HEALTH CARE,NLP,NLP,NLP,407,07/14/2022 12:00:00 AM
2022-07-17T04-15-18,46260,ST VINCENT HOSPITAL AND HEALTH CARE,NLP,NLP,NLP,407,07/14/2022 12:00:00 AM
2022-07-18T04-15-21,46260,ST VINCENT HOSPITAL AND HEALTH CARE,NLP,NLP,NLP,407,07/14/2022 12:00:00 AM
2022-07-18T07-55-19,46260,ST VINCENT HOSPITAL AND HEALTH CARE,NLP,NLP,NLP,407,07/14/2022 12:00:00 AM
2022-07-19T04-15-25,46260,ST VINCENT HOSPITAL AND HEALTH CARE,NLP,NLP,NLP,407,07/14/2022 12:00:00 AM
2022-07-20T04-15-41,46260,ST VINCENT HOSPITAL AND HEALTH CARE,NLP,NLP,NLP,406,07/19/2022 12:00:00 AM
2022-07-21T04-15-40,46260,ST VINCENT HOSPITAL AND HEALTH CARE,NLP,NLP,NLP,406,07/19/2022 12:00:00 AM
2022-07-22T04-15-29,46260,ST VINCENT HOSPITAL AND HEALTH CARE,NLP,NLP,NLP,403,07/21/2022 12:00:00 AM
2022-07-23T04-15-20,46260,ST VINCENT HOSPITAL AND HEALTH CARE,NLP,NLP,NLP,403,07/21/2022 12:00:00 AM
2022-07-24T04-15-21,46260,ST VINCENT HOSPITAL AND HEALTH CARE,NLP,NLP,NLP,403,07/21/2022 12:00:00 AM
