2022-04-08T05-48-29,27893,WILSON COMMUNITY HEALTH CENTER RX,NLP,NLP,NLP,10,04/07/2022 12:00:00 AM
2022-04-08T05-48-29,27893,WilsonValue Drug Store,NLP,NLP,NLP,33,04/05/2022 12:00:00 AM
2022-04-08T05-48-29,27893,Walgreens Store #19254,NLP,NLP,NLP,19,04/07/2022 12:00:00 AM
2022-04-08T05-48-29,27893,Walmart Pharmacy #1664,NLP,NLP,NLP,20,04/07/2022 12:00:00 AM
2022-04-08T05-48-29,27893,Walgreens Store #06926,NLP,NLP,NLP,18,04/07/2022 12:00:00 AM
2022-04-08T05-48-29,27893,W C ROSE DRUG STORE DBA THOMAS DRUG,NLP,NLP,NLP,48,03/18/2022 12:00:00 AM
2022-04-08T05-48-29,27893,Walgreens Store #06927,NLP,NLP,NLP,23,04/07/2022 12:00:00 AM
2022-04-08T05-48-29,27893,Walmart Pharmacy #4545,NLP,NLP,NLP,20,04/07/2022 12:00:00 AM
2022-04-08T05-48-29,27893,CVS Store #07335,NLP,NLP,NLP,47,04/07/2022 12:00:00 AM
2022-04-09T05-41-09,27893,WILSON COMMUNITY HEALTH CENTER RX,NLP,NLP,NLP,10,04/08/2022 12:00:00 AM
2022-04-09T05-41-09,27893,Walgreens Store #06926,NLP,NLP,NLP,18,04/08/2022 12:00:00 AM
2022-04-09T05-41-09,27893,Walgreens Store #19254,NLP,NLP,NLP,19,04/08/2022 12:00:00 AM
2022-04-09T05-41-09,27893,Walmart Pharmacy #1664,NLP,NLP,NLP,20,04/08/2022 12:00:00 AM
2022-04-09T05-41-09,27893,WilsonValue Drug Store,NLP,NLP,NLP,33,04/05/2022 12:00:00 AM
2022-04-09T05-41-09,27893,W C ROSE DRUG STORE DBA THOMAS DRUG,NLP,NLP,NLP,48,03/18/2022 12:00:00 AM
2022-04-09T05-41-09,27893,Walgreens Store #06927,NLP,NLP,NLP,23,04/08/2022 12:00:00 AM
2022-04-09T05-41-09,27893,CVS Store #07335,NLP,NLP,NLP,47,04/08/2022 12:00:00 AM
2022-04-09T05-41-09,27893,Walmart Pharmacy #4545,NLP,NLP,NLP,20,04/08/2022 12:00:00 AM
2022-04-10T09-31-27,27893,Walgreens Store #06927,NLP,NLP,NLP,23,04/08/2022 12:00:00 AM
2022-04-10T09-31-27,27893,WilsonValue Drug Store,NLP,NLP,NLP,33,04/05/2022 12:00:00 AM
2022-04-10T09-31-27,27893,Walmart Pharmacy #1664,NLP,NLP,NLP,20,04/08/2022 12:00:00 AM
2022-04-10T09-31-27,27893,CVS Store #07335,NLP,NLP,NLP,47,04/08/2022 12:00:00 AM
2022-04-10T09-31-27,27893,Walgreens Store #19254,NLP,NLP,NLP,19,04/08/2022 12:00:00 AM
2022-04-10T09-31-27,27893,Walgreens Store #06926,NLP,NLP,NLP,18,04/08/2022 12:00:00 AM
2022-04-10T09-31-27,27893,WILSON COMMUNITY HEALTH CENTER RX,NLP,NLP,NLP,10,04/08/2022 12:00:00 AM
2022-04-10T09-31-27,27893,W C ROSE DRUG STORE DBA THOMAS DRUG,NLP,NLP,NLP,48,03/18/2022 12:00:00 AM
2022-04-10T09-31-27,27893,Walmart Pharmacy #4545,NLP,NLP,NLP,20,04/08/2022 12:00:00 AM
2022-04-11T07-06-23,27893,WilsonValue Drug Store,NLP,NLP,NLP,33,04/05/2022 12:00:00 AM
2022-04-11T07-06-23,27893,CVS Store #07335,NLP,NLP,NLP,47,04/08/2022 12:00:00 AM
2022-04-11T07-06-23,27893,Walgreens Store #06927,NLP,NLP,NLP,23,04/08/2022 12:00:00 AM
2022-04-11T07-06-23,27893,Walmart Pharmacy #1664,NLP,NLP,NLP,20,04/08/2022 12:00:00 AM
2022-04-11T07-06-23,27893,Walgreens Store #19254,NLP,NLP,NLP,19,04/08/2022 12:00:00 AM
2022-04-11T07-06-23,27893,Walmart Pharmacy #4545,NLP,NLP,NLP,20,04/08/2022 12:00:00 AM
2022-04-11T07-06-23,27893,W C ROSE DRUG STORE DBA THOMAS DRUG,NLP,NLP,NLP,48,03/18/2022 12:00:00 AM
2022-04-11T07-06-23,27893,Walgreens Store #06926,NLP,NLP,NLP,18,04/08/2022 12:00:00 AM
2022-04-11T07-06-23,27893,WILSON COMMUNITY HEALTH CENTER RX,NLP,NLP,NLP,10,04/08/2022 12:00:00 AM
2022-04-12T07-06-55,27893,WilsonValue Drug Store,NLP,NLP,NLP,33,04/05/2022 12:00:00 AM
2022-04-12T07-06-55,27893,Walgreens Store #19254,NLP,NLP,NLP,19,04/11/2022 12:00:00 AM
2022-04-12T07-06-55,27893,CVS Store #07335,NLP,NLP,NLP,46,04/11/2022 12:00:00 AM
2022-04-12T07-06-55,27893,Walgreens Store #06927,NLP,NLP,NLP,23,04/11/2022 12:00:00 AM
2022-04-12T07-06-55,27893,Walmart Pharmacy #1664,NLP,NLP,NLP,20,04/11/2022 12:00:00 AM
2022-04-12T07-06-55,27893,Walgreens Store #06926,NLP,NLP,NLP,18,04/11/2022 12:00:00 AM
2022-04-12T07-06-55,27893,WILSON COMMUNITY HEALTH CENTER RX,NLP,NLP,NLP,10,04/11/2022 12:00:00 AM
2022-04-12T07-06-55,27893,W C ROSE DRUG STORE DBA THOMAS DRUG,NLP,NLP,NLP,48,03/18/2022 12:00:00 AM
2022-04-12T07-06-55,27893,Walmart Pharmacy #4545,NLP,NLP,NLP,20,04/11/2022 12:00:00 AM
2022-04-13T09-20-57,27893,Walgreens Store #06926,NLP,NLP,NLP,18,04/12/2022 12:00:00 AM
2022-04-13T09-20-57,27893,Walgreens Store #06927,NLP,NLP,NLP,23,04/12/2022 12:00:00 AM
2022-04-13T09-20-57,27893,W C ROSE DRUG STORE DBA THOMAS DRUG,NLP,NLP,NLP,48,03/18/2022 12:00:00 AM
2022-04-13T09-20-57,27893,WilsonValue Drug Store,NLP,NLP,NLP,33,04/05/2022 12:00:00 AM
2022-04-13T09-20-57,27893,Walgreens Store #19254,NLP,NLP,NLP,19,04/12/2022 12:00:00 AM
2022-04-13T09-20-57,27893,CVS Store #07335,NLP,NLP,NLP,46,04/12/2022 12:00:00 AM
2022-04-13T09-20-57,27893,WILSON COMMUNITY HEALTH CENTER RX,NLP,NLP,NLP,10,04/12/2022 12:00:00 AM
2022-04-13T09-20-57,27893,Walmart Pharmacy #1664,NLP,NLP,NLP,20,04/12/2022 12:00:00 AM
2022-04-13T09-20-57,27893,Walmart Pharmacy #4545,NLP,NLP,NLP,20,04/12/2022 12:00:00 AM
2022-04-13T11-55-39,27893,Walgreens Store #06927,NLP,NLP,NLP,23,04/12/2022 12:00:00 AM
2022-04-13T11-55-39,27893,W C ROSE DRUG STORE DBA THOMAS DRUG,NLP,NLP,NLP,48,03/18/2022 12:00:00 AM
2022-04-13T11-55-39,27893,Walgreens Store #19254,NLP,NLP,NLP,19,04/12/2022 12:00:00 AM
2022-04-13T11-55-39,27893,WilsonValue Drug Store,NLP,NLP,NLP,33,04/05/2022 12:00:00 AM
2022-04-13T11-55-39,27893,Walgreens Store #06926,NLP,NLP,NLP,18,04/12/2022 12:00:00 AM
2022-04-13T11-55-39,27893,Walmart Pharmacy #1664,NLP,NLP,NLP,20,04/13/2022 12:00:00 AM
2022-04-13T11-55-39,27893,Walmart Pharmacy #4545,NLP,NLP,NLP,20,04/13/2022 12:00:00 AM
2022-04-13T11-55-39,27893,CVS Store #07335,NLP,NLP,NLP,46,04/12/2022 12:00:00 AM
2022-04-13T11-55-39,27893,WILSON COMMUNITY HEALTH CENTER RX,NLP,NLP,NLP,10,04/12/2022 12:00:00 AM
2022-04-14T09-18-06,27893,WilsonValue Drug Store,NLP,NLP,NLP,33,04/05/2022 12:00:00 AM
2022-04-14T09-18-06,27893,Walgreens Store #06927,NLP,NLP,NLP,23,04/13/2022 12:00:00 AM
2022-04-14T09-18-06,27893,Walgreens Store #06926,NLP,NLP,NLP,18,04/13/2022 12:00:00 AM
2022-04-14T09-18-06,27893,Walgreens Store #19254,NLP,NLP,NLP,19,04/13/2022 12:00:00 AM
2022-04-14T09-18-06,27893,W C ROSE DRUG STORE DBA THOMAS DRUG,NLP,NLP,NLP,48,03/18/2022 12:00:00 AM
2022-04-14T09-18-06,27893,CVS Store #07335,NLP,NLP,NLP,46,04/13/2022 12:00:00 AM
2022-04-14T09-18-06,27893,Walmart Pharmacy #1664,NLP,NLP,NLP,20,04/13/2022 12:00:00 AM
2022-04-14T09-18-06,27893,Walmart Pharmacy #4545,NLP,NLP,NLP,20,04/13/2022 12:00:00 AM
2022-04-14T09-18-06,27893,WILSON COMMUNITY HEALTH CENTER RX,NLP,NLP,NLP,10,04/12/2022 12:00:00 AM
2022-04-15T06-03-51,27893,Walgreens Store #19254,NLP,NLP,NLP,19,04/14/2022 12:00:00 AM
2022-04-15T06-03-51,27893,WilsonValue Drug Store,NLP,NLP,NLP,33,04/05/2022 12:00:00 AM
2022-04-15T06-03-51,27893,W C ROSE DRUG STORE DBA THOMAS DRUG,NLP,NLP,NLP,48,03/18/2022 12:00:00 AM
2022-04-15T06-03-51,27893,Walgreens Store #06926,NLP,NLP,NLP,18,04/14/2022 12:00:00 AM
2022-04-15T06-03-51,27893,Walgreens Store #06927,NLP,NLP,NLP,23,04/14/2022 12:00:00 AM
2022-04-15T06-03-51,27893,CVS Store #07335,NLP,NLP,NLP,46,04/14/2022 12:00:00 AM
2022-04-15T06-03-51,27893,Walmart Pharmacy #1664,NLP,NLP,NLP,20,04/14/2022 12:00:00 AM
2022-04-15T06-03-51,27893,Walmart Pharmacy #4545,NLP,NLP,NLP,20,04/14/2022 12:00:00 AM
2022-04-15T06-03-51,27893,WILSON COMMUNITY HEALTH CENTER RX,NLP,NLP,NLP,10,04/14/2022 12:00:00 AM
2022-04-16T05-33-42,27893,Walgreens Store #19254,NLP,NLP,NLP,19,04/15/2022 12:00:00 AM
2022-04-16T05-33-42,27893,Walgreens Store #06926,NLP,NLP,NLP,18,04/15/2022 12:00:00 AM
2022-04-16T05-33-42,27893,W C ROSE DRUG STORE DBA THOMAS DRUG,NLP,NLP,NLP,48,03/18/2022 12:00:00 AM
2022-04-16T05-33-42,27893,WilsonValue Drug Store,NLP,NLP,NLP,33,04/05/2022 12:00:00 AM
2022-04-16T05-33-42,27893,Walgreens Store #06927,NLP,NLP,NLP,23,04/15/2022 12:00:00 AM
2022-04-16T05-33-42,27893,WILSON COMMUNITY HEALTH CENTER RX,NLP,NLP,NLP,10,04/14/2022 12:00:00 AM
2022-04-16T05-33-42,27893,CVS Store #07335,NLP,NLP,NLP,46,04/15/2022 12:00:00 AM
2022-04-16T05-33-42,27893,Walmart Pharmacy #1664,NLP,NLP,NLP,20,04/15/2022 12:00:00 AM
2022-04-16T05-33-42,27893,Walmart Pharmacy #4545,NLP,NLP,NLP,20,04/15/2022 12:00:00 AM
2022-04-17T05-32-24,27893,Walgreens Store #06927,NLP,NLP,NLP,23,04/15/2022 12:00:00 AM
2022-04-17T05-32-24,27893,Walgreens Store #06926,NLP,NLP,NLP,18,04/15/2022 12:00:00 AM
2022-04-17T05-32-24,27893,Walgreens Store #19254,NLP,NLP,NLP,19,04/15/2022 12:00:00 AM
2022-04-17T05-32-24,27893,WilsonValue Drug Store,NLP,NLP,NLP,33,04/16/2022 12:00:00 AM
2022-04-17T05-32-24,27893,W C ROSE DRUG STORE DBA THOMAS DRUG,NLP,NLP,NLP,48,03/18/2022 12:00:00 AM
2022-04-17T05-32-24,27893,CVS Store #07335,NLP,NLP,NLP,46,04/15/2022 12:00:00 AM
2022-04-17T05-32-24,27893,WILSON COMMUNITY HEALTH CENTER RX,NLP,NLP,NLP,10,04/14/2022 12:00:00 AM
2022-04-17T05-32-24,27893,Walmart Pharmacy #1664,NLP,NLP,NLP,20,04/15/2022 12:00:00 AM
2022-04-17T05-32-24,27893,Walmart Pharmacy #4545,NLP,NLP,NLP,20,04/15/2022 12:00:00 AM
2022-04-18T05-31-10,27893,Walgreens Store #06927,NLP,NLP,NLP,23,04/15/2022 12:00:00 AM
2022-04-18T05-31-10,27893,Walgreens Store #06926,NLP,NLP,NLP,18,04/15/2022 12:00:00 AM
2022-04-18T05-31-10,27893,W C ROSE DRUG STORE DBA THOMAS DRUG,NLP,NLP,NLP,48,03/18/2022 12:00:00 AM
2022-04-18T05-31-10,27893,Walgreens Store #19254,NLP,NLP,NLP,19,04/15/2022 12:00:00 AM
2022-04-18T05-31-10,27893,WilsonValue Drug Store,NLP,NLP,NLP,33,04/16/2022 12:00:00 AM
2022-04-18T05-31-10,27893,CVS Store #07335,NLP,NLP,NLP,46,04/15/2022 12:00:00 AM
2022-04-18T05-31-10,27893,WILSON COMMUNITY HEALTH CENTER RX,NLP,NLP,NLP,10,04/14/2022 12:00:00 AM
2022-04-18T05-31-10,27893,Walmart Pharmacy #1664,NLP,NLP,NLP,20,04/15/2022 12:00:00 AM
2022-04-18T05-31-10,27893,Walmart Pharmacy #4545,NLP,NLP,NLP,20,04/15/2022 12:00:00 AM
2022-04-19T05-39-24,27893,Walgreens Store #06926,NLP,NLP,NLP,18,04/18/2022 12:00:00 AM
2022-04-19T05-39-24,27893,Walgreens Store #06927,NLP,NLP,NLP,22,04/18/2022 12:00:00 AM
2022-04-19T05-39-24,27893,W C ROSE DRUG STORE DBA THOMAS DRUG,NLP,NLP,NLP,48,03/18/2022 12:00:00 AM
2022-04-19T05-39-24,27893,Walgreens Store #19254,NLP,NLP,NLP,19,04/18/2022 12:00:00 AM
2022-04-19T05-39-24,27893,WilsonValue Drug Store,NLP,NLP,NLP,33,04/16/2022 12:00:00 AM
2022-04-19T05-39-24,27893,Walmart Pharmacy #1664,NLP,NLP,NLP,20,04/18/2022 12:00:00 AM
2022-04-19T05-39-24,27893,CVS Store #07335,NLP,NLP,NLP,46,04/18/2022 12:00:00 AM
2022-04-19T05-39-24,27893,Walmart Pharmacy #4545,NLP,NLP,NLP,20,04/18/2022 12:00:00 AM
2022-04-19T05-39-24,27893,WILSON COMMUNITY HEALTH CENTER RX,NLP,NLP,NLP,10,04/14/2022 12:00:00 AM
2022-04-20T05-27-37,27893,WilsonValue Drug Store,NLP,NLP,NLP,33,04/16/2022 12:00:00 AM
2022-04-20T05-27-37,27893,Walgreens Store #06926,NLP,NLP,NLP,18,04/18/2022 12:00:00 AM
2022-04-20T05-27-37,27893,Walgreens Store #19254,NLP,NLP,NLP,19,04/18/2022 12:00:00 AM
2022-04-20T05-27-37,27893,W C ROSE DRUG STORE DBA THOMAS DRUG,NLP,NLP,NLP,48,03/18/2022 12:00:00 AM
2022-04-20T05-27-37,27893,Walgreens Store #06927,NLP,NLP,NLP,22,04/18/2022 12:00:00 AM
2022-04-20T05-27-37,27893,CVS Store #07335,NLP,NLP,NLP,46,04/19/2022 12:00:00 AM
2022-04-20T05-27-37,27893,Walmart Pharmacy #4545,NLP,NLP,NLP,20,04/18/2022 12:00:00 AM
2022-04-20T05-27-37,27893,Walmart Pharmacy #1664,NLP,NLP,NLP,20,04/18/2022 12:00:00 AM
2022-04-20T05-27-37,27893,WILSON COMMUNITY HEALTH CENTER RX,NLP,NLP,NLP,10,04/19/2022 12:00:00 AM
2022-04-21T05-29-54,27893,WilsonValue Drug Store,NLP,NLP,NLP,33,04/20/2022 12:00:00 AM
2022-04-21T05-29-54,27893,Walgreens Store #06927,NLP,NLP,NLP,21,04/20/2022 12:00:00 AM
2022-04-21T05-29-54,27893,Walgreens Store #06926,NLP,NLP,NLP,18,04/20/2022 12:00:00 AM
2022-04-21T05-29-54,27893,Walgreens Store #19254,NLP,NLP,NLP,19,04/20/2022 12:00:00 AM
2022-04-21T05-29-54,27893,W C ROSE DRUG STORE DBA THOMAS DRUG,NLP,NLP,NLP,48,03/18/2022 12:00:00 AM
2022-04-21T05-29-54,27893,WILSON COMMUNITY HEALTH CENTER RX,NLP,NLP,NLP,10,04/20/2022 12:00:00 AM
2022-04-21T05-29-54,27893,CVS Store #07335,NLP,NLP,NLP,46,04/20/2022 12:00:00 AM
2022-04-21T05-29-54,27893,Walmart Pharmacy #1664,NLP,NLP,NLP,20,04/20/2022 12:00:00 AM
2022-04-21T05-29-54,27893,Walmart Pharmacy #4545,NLP,NLP,NLP,20,04/20/2022 12:00:00 AM
2022-04-22T05-26-18,27893,Walgreens Store #06926,NLP,NLP,NLP,18,04/21/2022 12:00:00 AM
2022-04-22T05-26-18,27893,Walgreens Store #06927,NLP,NLP,NLP,21,04/21/2022 12:00:00 AM
2022-04-22T05-26-18,27893,WilsonValue Drug Store,NLP,NLP,NLP,33,04/20/2022 12:00:00 AM
2022-04-22T05-26-18,27893,Walgreens Store #19254,NLP,NLP,NLP,19,04/21/2022 12:00:00 AM
2022-04-22T05-26-18,27893,W C ROSE DRUG STORE DBA THOMAS DRUG,NLP,NLP,NLP,48,03/18/2022 12:00:00 AM
2022-04-22T05-26-18,27893,CVS Store #07335,NLP,NLP,NLP,46,04/21/2022 12:00:00 AM
2022-04-22T05-26-18,27893,Walmart Pharmacy #1664,NLP,NLP,NLP,20,04/21/2022 12:00:00 AM
2022-04-22T05-26-18,27893,WILSON COMMUNITY HEALTH CENTER RX,NLP,NLP,NLP,10,04/20/2022 12:00:00 AM
2022-04-22T05-26-18,27893,Walmart Pharmacy #4545,NLP,NLP,NLP,20,04/21/2022 12:00:00 AM
2022-04-23T05-25-10,27893,Walgreens Store #19254,NLP,NLP,NLP,19,04/22/2022 12:00:00 AM
2022-04-23T05-25-10,27893,WilsonValue Drug Store,NLP,NLP,NLP,33,04/20/2022 12:00:00 AM
2022-04-23T05-25-10,27893,Walgreens Store #06926,NLP,NLP,NLP,18,04/22/2022 12:00:00 AM
2022-04-23T05-25-10,27893,W C ROSE DRUG STORE DBA THOMAS DRUG,NLP,NLP,NLP,48,03/18/2022 12:00:00 AM
2022-04-23T05-25-10,27893,Walgreens Store #06927,NLP,NLP,NLP,20,04/22/2022 12:00:00 AM
2022-04-23T05-25-10,27893,WILSON COMMUNITY HEALTH CENTER RX,NLP,NLP,NLP,10,04/22/2022 12:00:00 AM
2022-04-23T05-25-10,27893,Walmart Pharmacy #4545,NLP,NLP,NLP,20,04/22/2022 12:00:00 AM
2022-04-23T05-25-10,27893,CVS Store #07335,NLP,NLP,NLP,46,04/22/2022 12:00:00 AM
2022-04-23T05-25-10,27893,Walmart Pharmacy #1664,NLP,NLP,NLP,20,04/22/2022 12:00:00 AM
2022-04-24T05-22-24,27893,Walgreens Store #06927,NLP,NLP,NLP,20,04/22/2022 12:00:00 AM
2022-04-24T05-22-24,27893,WilsonValue Drug Store,NLP,NLP,NLP,33,04/20/2022 12:00:00 AM
2022-04-24T05-22-24,27893,Walgreens Store #19254,NLP,NLP,NLP,19,04/22/2022 12:00:00 AM
2022-04-24T05-22-24,27893,W C ROSE DRUG STORE DBA THOMAS DRUG,NLP,NLP,NLP,48,03/18/2022 12:00:00 AM
2022-04-24T05-22-24,27893,Walgreens Store #06926,NLP,NLP,NLP,18,04/22/2022 12:00:00 AM
2022-04-24T05-22-24,27893,Walmart Pharmacy #1664,NLP,NLP,NLP,20,04/22/2022 12:00:00 AM
2022-04-24T05-22-24,27893,WILSON COMMUNITY HEALTH CENTER RX,NLP,NLP,NLP,10,04/22/2022 12:00:00 AM
2022-04-24T05-22-24,27893,CVS Store #07335,NLP,NLP,NLP,46,04/22/2022 12:00:00 AM
2022-04-24T05-22-24,27893,Walmart Pharmacy #4545,NLP,NLP,NLP,20,04/22/2022 12:00:00 AM
2022-04-25T05-22-33,27893,Walgreens Store #06926,NLP,NLP,NLP,18,04/22/2022 12:00:00 AM
2022-04-25T05-22-33,27893,WilsonValue Drug Store,NLP,NLP,NLP,33,04/20/2022 12:00:00 AM
2022-04-25T05-22-33,27893,Walgreens Store #19254,NLP,NLP,NLP,19,04/22/2022 12:00:00 AM
2022-04-25T05-22-33,27893,W C ROSE DRUG STORE DBA THOMAS DRUG,NLP,NLP,NLP,48,03/18/2022 12:00:00 AM
2022-04-25T05-22-33,27893,Walgreens Store #06927,NLP,NLP,NLP,20,04/22/2022 12:00:00 AM
2022-04-25T05-22-33,27893,WILSON COMMUNITY HEALTH CENTER RX,NLP,NLP,NLP,10,04/22/2022 12:00:00 AM
2022-04-25T05-22-33,27893,Walmart Pharmacy #1664,NLP,NLP,NLP,20,04/22/2022 12:00:00 AM
2022-04-25T05-22-33,27893,CVS Store #07335,NLP,NLP,NLP,46,04/22/2022 12:00:00 AM
2022-04-25T05-22-33,27893,Walmart Pharmacy #4545,NLP,NLP,NLP,20,04/22/2022 12:00:00 AM
2022-04-26T05-20-54,27893,Walgreens Store #06927,NLP,NLP,NLP,21,04/25/2022 12:00:00 AM
2022-04-26T05-20-54,27893,W C ROSE DRUG STORE DBA THOMAS DRUG,NLP,NLP,NLP,48,03/18/2022 12:00:00 AM
2022-04-26T05-20-54,27893,Walgreens Store #06926,NLP,NLP,NLP,18,04/25/2022 12:00:00 AM
2022-04-26T05-20-54,27893,Walgreens Store #19254,NLP,NLP,NLP,19,04/25/2022 12:00:00 AM
2022-04-26T05-20-54,27893,WilsonValue Drug Store,NLP,NLP,NLP,33,04/20/2022 12:00:00 AM
2022-04-26T05-20-54,27893,Walmart Pharmacy #1664,NLP,NLP,NLP,20,04/25/2022 12:00:00 AM
2022-04-26T05-20-54,27893,WILSON COMMUNITY HEALTH CENTER RX,NLP,NLP,NLP,10,04/25/2022 12:00:00 AM
2022-04-26T05-20-54,27893,CVS Store #07335,NLP,NLP,NLP,46,04/25/2022 12:00:00 AM
2022-04-26T05-20-54,27893,Walmart Pharmacy #4545,NLP,NLP,NLP,20,04/25/2022 12:00:00 AM
2022-04-27T05-23-49,27893,Walgreens Store #19254,NLP,NLP,NLP,19,04/26/2022 12:00:00 AM
2022-04-27T05-23-49,27893,Walgreens Store #06927,NLP,NLP,NLP,21,04/26/2022 12:00:00 AM
2022-04-27T05-23-49,27893,WilsonValue Drug Store,NLP,NLP,NLP,33,04/20/2022 12:00:00 AM
2022-04-27T05-23-49,27893,Walgreens Store #06926,NLP,NLP,NLP,18,04/26/2022 12:00:00 AM
2022-04-27T05-23-49,27893,Walmart Pharmacy #1664,NLP,NLP,NLP,20,04/26/2022 12:00:00 AM
2022-04-27T05-23-49,27893,WILSON COMMUNITY HEALTH CENTER RX,NLP,NLP,NLP,10,04/25/2022 12:00:00 AM
2022-04-27T05-23-49,27893,Walmart Pharmacy #4545,NLP,NLP,NLP,20,04/26/2022 12:00:00 AM
2022-04-27T05-23-49,27893,CVS Store #07335,NLP,NLP,NLP,46,04/26/2022 12:00:00 AM
2022-04-28T09-22-45,27893,Walgreens Store #19254,NLP,NLP,NLP,19,04/27/2022 12:00:00 AM
2022-04-28T09-22-45,27893,WilsonValue Drug Store,NLP,NLP,NLP,33,04/20/2022 12:00:00 AM
2022-04-28T09-22-45,27893,W C ROSE DRUG STORE DBA THOMAS DRUG,NLP,NLP,NLP,48,04/27/2022 12:00:00 AM
2022-04-28T09-22-45,27893,Walgreens Store #06927,NLP,NLP,NLP,21,04/27/2022 12:00:00 AM
2022-04-28T09-22-45,27893,Walgreens Store #06926,NLP,NLP,NLP,18,04/27/2022 12:00:00 AM
2022-04-28T09-22-45,27893,Walmart Pharmacy #4545,NLP,NLP,NLP,20,04/27/2022 12:00:00 AM
2022-04-28T09-22-45,27893,Walmart Pharmacy #1664,NLP,NLP,NLP,20,04/27/2022 12:00:00 AM
2022-04-28T09-22-45,27893,WILSON COMMUNITY HEALTH CENTER RX,NLP,NLP,NLP,10,04/27/2022 12:00:00 AM
2022-04-28T09-22-45,27893,CVS Store #07335,NLP,NLP,NLP,46,04/26/2022 12:00:00 AM
2022-04-29T05-13-54,27893,Walgreens Store #19254,NLP,NLP,NLP,19,04/28/2022 12:00:00 AM
2022-04-29T05-13-54,27893,Walgreens Store #06927,NLP,NLP,NLP,21,04/28/2022 12:00:00 AM
2022-04-29T05-13-54,27893,WilsonValue Drug Store,NLP,NLP,NLP,33,04/20/2022 12:00:00 AM
2022-04-29T05-13-54,27893,Walmart Pharmacy #1664,NLP,NLP,NLP,20,04/28/2022 12:00:00 AM
2022-04-29T05-13-54,27893,CVS Store #07335,NLP,NLP,NLP,46,04/28/2022 12:00:00 AM
2022-04-29T05-13-54,27893,Walgreens Store #06926,NLP,NLP,NLP,18,04/28/2022 12:00:00 AM
2022-04-29T05-13-54,27893,WILSON COMMUNITY HEALTH CENTER RX,NLP,NLP,NLP,10,04/28/2022 12:00:00 AM
2022-04-29T05-13-54,27893,Walmart Pharmacy #4545,NLP,NLP,NLP,20,04/28/2022 12:00:00 AM
2022-04-29T05-13-54,27893,W C ROSE DRUG STORE DBA THOMAS DRUG,NLP,NLP,NLP,48,04/27/2022 12:00:00 AM
2022-04-30T05-15-55,27893,WilsonValue Drug Store,NLP,NLP,NLP,33,04/20/2022 12:00:00 AM
2022-04-30T05-15-55,27893,Walgreens Store #06927,NLP,NLP,NLP,21,04/29/2022 12:00:00 AM
2022-04-30T05-15-55,27893,Walgreens Store #19254,NLP,NLP,NLP,19,04/29/2022 12:00:00 AM
2022-04-30T05-15-55,27893,Walgreens Store #06926,NLP,NLP,NLP,18,04/29/2022 12:00:00 AM
2022-04-30T05-15-55,27893,WILSON COMMUNITY HEALTH CENTER RX,NLP,NLP,NLP,10,04/28/2022 12:00:00 AM
2022-04-30T05-15-55,27893,CVS Store #07335,NLP,NLP,NLP,46,04/29/2022 12:00:00 AM
2022-04-30T05-15-55,27893,Walmart Pharmacy #1664,NLP,NLP,NLP,20,04/29/2022 12:00:00 AM
2022-04-30T05-15-55,27893,W C ROSE DRUG STORE DBA THOMAS DRUG,NLP,NLP,NLP,48,04/27/2022 12:00:00 AM
2022-04-30T05-15-55,27893,Walmart Pharmacy #4545,NLP,NLP,NLP,20,04/29/2022 12:00:00 AM
2022-05-01T05-13-51,27893,Walgreens Store #06927,NLP,NLP,NLP,21,04/29/2022 12:00:00 AM
2022-05-01T05-13-51,27893,Walgreens Store #06926,NLP,NLP,NLP,18,04/29/2022 12:00:00 AM
2022-05-01T05-13-51,27893,WilsonValue Drug Store,NLP,NLP,NLP,33,04/20/2022 12:00:00 AM
2022-05-01T05-13-51,27893,Walgreens Store #19254,NLP,NLP,NLP,19,04/29/2022 12:00:00 AM
2022-05-01T05-13-51,27893,Walmart Pharmacy #4545,NLP,NLP,NLP,20,04/29/2022 12:00:00 AM
2022-05-01T05-13-51,27893,W C ROSE DRUG STORE DBA THOMAS DRUG,NLP,NLP,NLP,48,04/27/2022 12:00:00 AM
2022-05-01T05-13-51,27893,CVS Store #07335,NLP,NLP,NLP,46,04/29/2022 12:00:00 AM
2022-05-01T05-13-51,27893,Walmart Pharmacy #1664,NLP,NLP,NLP,20,04/29/2022 12:00:00 AM
2022-05-01T05-13-51,27893,WILSON COMMUNITY HEALTH CENTER RX,NLP,NLP,NLP,10,04/28/2022 12:00:00 AM
2022-05-02T06-02-50,27893,Walgreens Store #19254,NLP,NLP,NLP,19,04/29/2022 12:00:00 AM
2022-05-02T06-02-50,27893,WilsonValue Drug Store,NLP,NLP,NLP,33,04/20/2022 12:00:00 AM
2022-05-02T06-02-50,27893,Walgreens Store #06927,NLP,NLP,NLP,21,04/29/2022 12:00:00 AM
2022-05-02T06-02-50,27893,Walgreens Store #06926,NLP,NLP,NLP,18,04/29/2022 12:00:00 AM
2022-05-02T06-02-50,27893,Walmart Pharmacy #1664,NLP,NLP,NLP,20,04/29/2022 12:00:00 AM
2022-05-02T06-02-50,27893,W C ROSE DRUG STORE DBA THOMAS DRUG,NLP,NLP,NLP,48,04/27/2022 12:00:00 AM
2022-05-02T06-02-50,27893,Walmart Pharmacy #4545,NLP,NLP,NLP,20,04/29/2022 12:00:00 AM
2022-05-02T06-02-50,27893,CVS Store #07335,NLP,NLP,NLP,46,04/29/2022 12:00:00 AM
2022-05-02T06-02-50,27893,WILSON COMMUNITY HEALTH CENTER RX,NLP,NLP,NLP,10,04/28/2022 12:00:00 AM
2022-05-03T06-05-23,27893,Walgreens Store #19254,NLP,NLP,NLP,19,04/29/2022 12:00:00 AM
2022-05-03T06-05-23,27893,Walgreens Store #06927,NLP,NLP,NLP,21,04/29/2022 12:00:00 AM
2022-05-03T06-05-23,27893,WilsonValue Drug Store,NLP,NLP,NLP,33,04/20/2022 12:00:00 AM
2022-05-03T06-05-23,27893,Walgreens Store #06926,NLP,NLP,NLP,18,04/29/2022 12:00:00 AM
2022-05-03T06-05-23,27893,WILSON COMMUNITY HEALTH CENTER RX,NLP,NLP,NLP,10,05/02/2022 12:00:00 AM
2022-05-03T06-05-23,27893,CVS Store #07335,NLP,NLP,NLP,46,05/02/2022 12:00:00 AM
2022-05-03T06-05-23,27893,W C ROSE DRUG STORE DBA THOMAS DRUG,NLP,NLP,NLP,48,04/27/2022 12:00:00 AM
2022-05-03T06-05-23,27893,Walmart Pharmacy #1664,NLP,NLP,NLP,20,05/02/2022 12:00:00 AM
2022-05-03T06-05-23,27893,Walmart Pharmacy #4545,NLP,NLP,NLP,20,05/02/2022 12:00:00 AM
2022-05-04T05-12-02,27893,Walgreens Store #06926,NLP,NLP,NLP,18,04/29/2022 12:00:00 AM
2022-05-04T05-12-02,27893,WilsonValue Drug Store,NLP,NLP,NLP,33,04/20/2022 12:00:00 AM
2022-05-04T05-12-02,27893,Walgreens Store #19254,NLP,NLP,NLP,19,04/29/2022 12:00:00 AM
2022-05-04T05-12-02,27893,Walgreens Store #06927,NLP,NLP,NLP,21,04/29/2022 12:00:00 AM
2022-05-04T05-12-02,27893,Walmart Pharmacy #1664,NLP,NLP,NLP,20,05/03/2022 12:00:00 AM
2022-05-04T05-12-02,27893,W C ROSE DRUG STORE DBA THOMAS DRUG,NLP,NLP,NLP,48,04/27/2022 12:00:00 AM
2022-05-04T05-12-02,27893,WILSON COMMUNITY HEALTH CENTER RX,NLP,NLP,NLP,10,05/02/2022 12:00:00 AM
2022-05-04T05-12-02,27893,Walmart Pharmacy #4545,NLP,NLP,NLP,20,05/03/2022 12:00:00 AM
2022-05-04T05-12-02,27893,CVS Store #07335,NLP,NLP,NLP,46,05/03/2022 12:00:00 AM
2022-05-05T09-49-47,27893,Walgreens Store #06927,NLP,NLP,NLP,21,04/29/2022 12:00:00 AM
2022-05-05T09-49-47,27893,Walgreens Store #19254,NLP,NLP,NLP,19,04/29/2022 12:00:00 AM
2022-05-05T09-49-47,27893,Walgreens Store #06926,NLP,NLP,NLP,18,04/29/2022 12:00:00 AM
2022-05-05T09-49-47,27893,W C ROSE DRUG STORE DBA THOMAS DRUG,NLP,NLP,NLP,48,04/27/2022 12:00:00 AM
2022-05-05T09-49-47,27893,Walmart Pharmacy #1664,NLP,NLP,NLP,20,05/03/2022 12:00:00 AM
2022-05-05T09-49-47,27893,WILSON COMMUNITY HEALTH CENTER RX,NLP,NLP,NLP,10,05/04/2022 12:00:00 AM
2022-05-05T09-49-47,27893,CVS Store #07335,NLP,NLP,NLP,46,05/04/2022 12:00:00 AM
2022-05-05T09-49-47,27893,Walmart Pharmacy #4545,NLP,NLP,NLP,20,05/03/2022 12:00:00 AM
2022-05-06T06-12-41,27893,Walgreens Store #06926,NLP,NLP,NLP,18,05/05/2022 12:00:00 AM
2022-05-06T06-12-41,27893,Walgreens Store #06927,NLP,NLP,NLP,21,05/05/2022 12:00:00 AM
2022-05-06T06-12-41,27893,Walgreens Store #19254,NLP,NLP,NLP,19,05/05/2022 12:00:00 AM
2022-05-06T06-12-41,27893,Walmart Pharmacy #1664,NLP,NLP,NLP,20,05/05/2022 12:00:00 AM
2022-05-06T06-12-41,27893,W C ROSE DRUG STORE DBA THOMAS DRUG,NLP,NLP,NLP,48,04/27/2022 12:00:00 AM
2022-05-06T06-12-41,27893,CVS Store #07335,NLP,NLP,NLP,44,05/05/2022 12:00:00 AM
2022-05-06T06-12-41,27893,Walmart Pharmacy #4545,NLP,NLP,NLP,20,05/05/2022 12:00:00 AM
2022-05-06T06-12-41,27893,WILSON COMMUNITY HEALTH CENTER RX,NLP,NLP,NLP,10,05/05/2022 12:00:00 AM
2022-05-07T05-45-31,27893,Walgreens Store #06927,NLP,NLP,NLP,21,05/05/2022 12:00:00 AM
2022-05-07T05-45-31,27893,Walgreens Store #06926,NLP,NLP,NLP,18,05/05/2022 12:00:00 AM
2022-05-07T05-45-31,27893,Walgreens Store #19254,NLP,NLP,NLP,19,05/05/2022 12:00:00 AM
2022-05-07T05-45-31,27893,W C ROSE DRUG STORE DBA THOMAS DRUG,NLP,NLP,NLP,48,04/27/2022 12:00:00 AM
2022-05-07T05-45-31,27893,Walmart Pharmacy #1664,NLP,NLP,NLP,20,05/06/2022 12:00:00 AM
2022-05-07T05-45-31,27893,CVS Store #07335,NLP,NLP,NLP,44,05/06/2022 12:00:00 AM
2022-05-07T05-45-31,27893,WILSON COMMUNITY HEALTH CENTER RX,NLP,NLP,NLP,10,05/05/2022 12:00:00 AM
2022-05-07T05-45-31,27893,Walmart Pharmacy #4545,NLP,NLP,NLP,20,05/06/2022 12:00:00 AM
2022-05-08T10-02-59,27893,Walgreens Store #06927,NLP,NLP,NLP,21,05/05/2022 12:00:00 AM
2022-05-08T10-02-59,27893,Walgreens Store #06926,NLP,NLP,NLP,18,05/05/2022 12:00:00 AM
2022-05-08T10-02-59,27893,Walmart Pharmacy #1664,NLP,NLP,NLP,20,05/06/2022 12:00:00 AM
2022-05-08T10-02-59,27893,Walgreens Store #19254,NLP,NLP,NLP,19,05/05/2022 12:00:00 AM
2022-05-08T10-02-59,27893,W C ROSE DRUG STORE DBA THOMAS DRUG,NLP,NLP,NLP,48,04/27/2022 12:00:00 AM
2022-05-08T10-02-59,27893,CVS Store #07335,NLP,NLP,NLP,44,05/06/2022 12:00:00 AM
2022-05-08T10-02-59,27893,Walmart Pharmacy #4545,NLP,NLP,NLP,20,05/06/2022 12:00:00 AM
2022-05-08T10-02-59,27893,WILSON COMMUNITY HEALTH CENTER RX,NLP,NLP,NLP,10,05/05/2022 12:00:00 AM
2022-05-09T05-08-14,27893,Walgreens Store #06926,NLP,NLP,NLP,18,05/05/2022 12:00:00 AM
2022-05-09T05-08-14,27893,Walgreens Store #06927,NLP,NLP,NLP,21,05/05/2022 12:00:00 AM
2022-05-09T05-08-14,27893,Walgreens Store #19254,NLP,NLP,NLP,19,05/05/2022 12:00:00 AM
2022-05-09T05-08-14,27893,Walmart Pharmacy #1664,NLP,NLP,NLP,20,05/06/2022 12:00:00 AM
2022-05-09T05-08-14,27893,W C ROSE DRUG STORE DBA THOMAS DRUG,NLP,NLP,NLP,48,04/27/2022 12:00:00 AM
2022-05-09T05-08-14,27893,Walmart Pharmacy #4545,NLP,NLP,NLP,20,05/06/2022 12:00:00 AM
2022-05-09T05-08-14,27893,CVS Store #07335,NLP,NLP,NLP,44,05/06/2022 12:00:00 AM
2022-05-09T05-08-14,27893,WILSON COMMUNITY HEALTH CENTER RX,NLP,NLP,NLP,10,05/05/2022 12:00:00 AM
2022-05-10T06-06-54,27893,Walgreens Store #06927,NLP,NLP,NLP,21,05/05/2022 12:00:00 AM
2022-05-10T06-06-54,27893,Walgreens Store #06926,NLP,NLP,NLP,18,05/05/2022 12:00:00 AM
2022-05-10T06-06-54,27893,Walmart Pharmacy #1664,NLP,NLP,NLP,20,05/09/2022 12:00:00 AM
2022-05-10T06-06-54,27893,Walgreens Store #19254,NLP,NLP,NLP,19,05/05/2022 12:00:00 AM
2022-05-10T06-06-54,27893,W C ROSE DRUG STORE DBA THOMAS DRUG,NLP,NLP,NLP,48,04/27/2022 12:00:00 AM
2022-05-10T06-06-54,27893,Walmart Pharmacy #4545,NLP,NLP,NLP,20,05/09/2022 12:00:00 AM
2022-05-10T06-06-54,27893,WILSON COMMUNITY HEALTH CENTER RX,NLP,NLP,NLP,10,05/09/2022 12:00:00 AM
2022-05-11T06-51-12,27893,Walgreens Store #06927,NLP,NLP,NLP,21,05/10/2022 12:00:00 AM
2022-05-11T06-51-12,27893,Walgreens Store #06926,NLP,NLP,NLP,18,05/10/2022 12:00:00 AM
2022-05-11T06-51-12,27893,W C ROSE DRUG STORE DBA THOMAS DRUG,NLP,NLP,NLP,48,04/27/2022 12:00:00 AM
2022-05-11T06-51-12,27893,Walgreens Store #19254,NLP,NLP,NLP,19,05/10/2022 12:00:00 AM
2022-05-11T06-51-12,27893,Walmart Pharmacy #1664,NLP,NLP,NLP,20,05/10/2022 12:00:00 AM
2022-05-11T06-51-12,27893,Walmart Pharmacy #4545,NLP,NLP,NLP,19,05/10/2022 12:00:00 AM
2022-05-11T06-51-12,27893,WILSON COMMUNITY HEALTH CENTER RX,NLP,NLP,NLP,10,05/10/2022 12:00:00 AM
2022-05-12T07-16-49,27893,Walgreens Store #06926,NLP,NLP,NLP,18,05/11/2022 12:00:00 AM
2022-05-12T07-16-49,27893,Walgreens Store #06927,NLP,NLP,NLP,21,05/11/2022 12:00:00 AM
2022-05-12T07-16-49,27893,Walmart Pharmacy #1664,NLP,NLP,NLP,20,05/11/2022 12:00:00 AM
2022-05-12T07-16-49,27893,Walgreens Store #19254,NLP,NLP,NLP,19,05/11/2022 12:00:00 AM
2022-05-12T07-16-49,27893,WILSON COMMUNITY HEALTH CENTER RX,NLP,NLP,NLP,10,05/11/2022 12:00:00 AM
2022-05-12T07-16-49,27893,Walmart Pharmacy #4545,NLP,NLP,NLP,19,05/11/2022 12:00:00 AM
2022-05-13T06-07-31,27893,Walgreens Store #06927,NLP,NLP,NLP,21,05/12/2022 12:00:00 AM
2022-05-13T06-07-31,27893,Walgreens Store #06926,NLP,NLP,NLP,18,05/12/2022 12:00:00 AM
2022-05-13T06-07-31,27893,Walgreens Store #19254,NLP,NLP,NLP,19,05/12/2022 12:00:00 AM
2022-05-13T06-07-31,27893,Walmart Pharmacy #1664,NLP,NLP,NLP,20,05/12/2022 12:00:00 AM
2022-05-13T06-07-31,27893,Walmart Pharmacy #4545,NLP,NLP,NLP,19,05/12/2022 12:00:00 AM
2022-05-13T06-07-31,27893,WILSON COMMUNITY HEALTH CENTER RX,NLP,NLP,NLP,10,05/12/2022 12:00:00 AM
2022-05-14T08-49-14,27893,Walgreens Store #06927,NLP,NLP,NLP,21,05/13/2022 12:00:00 AM
2022-05-14T08-49-14,27893,Walgreens Store #06926,NLP,NLP,NLP,18,05/13/2022 12:00:00 AM
2022-05-14T08-49-14,27893,Walmart Pharmacy #1664,NLP,NLP,NLP,20,05/13/2022 12:00:00 AM
2022-05-14T08-49-14,27893,Walgreens Store #19254,NLP,NLP,NLP,19,05/13/2022 12:00:00 AM
2022-05-14T08-49-14,27893,WILSON COMMUNITY HEALTH CENTER RX,NLP,NLP,NLP,10,05/13/2022 12:00:00 AM
2022-05-14T08-49-14,27893,Walmart Pharmacy #4545,NLP,NLP,NLP,19,05/13/2022 12:00:00 AM
2022-05-15T05-54-13,27893,Walgreens Store #06927,NLP,NLP,NLP,21,05/13/2022 12:00:00 AM
2022-05-15T05-54-13,27893,Walgreens Store #06926,NLP,NLP,NLP,18,05/13/2022 12:00:00 AM
2022-05-15T05-54-13,27893,Walgreens Store #19254,NLP,NLP,NLP,19,05/13/2022 12:00:00 AM
2022-05-15T05-54-13,27893,Walmart Pharmacy #1664,NLP,NLP,NLP,20,05/13/2022 12:00:00 AM
2022-05-15T05-54-13,27893,Walmart Pharmacy #4545,NLP,NLP,NLP,19,05/13/2022 12:00:00 AM
2022-05-15T05-54-13,27893,WILSON COMMUNITY HEALTH CENTER RX,NLP,NLP,NLP,10,05/13/2022 12:00:00 AM
2022-05-16T05-54-24,27893,Walgreens Store #06926,NLP,NLP,NLP,18,05/13/2022 12:00:00 AM
2022-05-16T05-54-24,27893,Walgreens Store #06927,NLP,NLP,NLP,21,05/13/2022 12:00:00 AM
2022-05-16T05-54-24,27893,Walmart Pharmacy #1664,NLP,NLP,NLP,20,05/13/2022 12:00:00 AM
2022-05-16T05-54-24,27893,Walgreens Store #19254,NLP,NLP,NLP,19,05/13/2022 12:00:00 AM
2022-05-16T05-54-24,27893,WILSON COMMUNITY HEALTH CENTER RX,NLP,NLP,NLP,10,05/13/2022 12:00:00 AM
2022-05-16T05-54-24,27893,Walmart Pharmacy #4545,NLP,NLP,NLP,19,05/13/2022 12:00:00 AM
2022-05-17T05-27-38,27893,WilsonValue Drug Store,NLP,NLP,NLP,33,05/16/2022 12:00:00 AM
2022-05-17T05-27-38,27893,Walgreens Store #06926,NLP,NLP,NLP,18,05/16/2022 12:00:00 AM
2022-05-17T05-27-38,27893,Walgreens Store #06927,NLP,NLP,NLP,20,05/16/2022 12:00:00 AM
2022-05-17T05-27-38,27893,Walmart Pharmacy #1664,NLP,NLP,NLP,20,05/16/2022 12:00:00 AM
2022-05-17T05-27-38,27893,Walgreens Store #19254,NLP,NLP,NLP,19,05/16/2022 12:00:00 AM
2022-05-17T05-27-38,27893,Walmart Pharmacy #4545,NLP,NLP,NLP,19,05/16/2022 12:00:00 AM
2022-05-17T05-27-38,27893,WILSON COMMUNITY HEALTH CENTER RX,NLP,NLP,NLP,10,05/16/2022 12:00:00 AM
2022-05-18T05-40-23,27893,Walmart Pharmacy #1664,NLP,NLP,NLP,20,05/17/2022 12:00:00 AM
2022-05-18T05-40-23,27893,WALGREENS STORE #06927,NLP,NLP,NLP,20,05/17/2022 12:00:00 AM
2022-05-18T05-40-23,27893,WilsonValue Drug Store,NLP,NLP,NLP,33,05/16/2022 12:00:00 AM
2022-05-18T05-40-23,27893,WALGREENS STORE #06926,NLP,NLP,NLP,18,05/17/2022 12:00:00 AM
2022-05-18T05-40-23,27893,WILSON COMMUNITY HEALTH CENTER RX,NLP,NLP,NLP,10,05/17/2022 12:00:00 AM
2022-05-18T05-40-23,27893,Walmart Pharmacy #4545,NLP,NLP,NLP,18,05/17/2022 12:00:00 AM
2022-05-18T05-40-23,27893,WALGREENS STORE #19254,NLP,NLP,NLP,19,05/17/2022 12:00:00 AM
2022-05-18T05-40-23,27893,CVS Store #07335,NLP,NLP,NLP,22,05/17/2022 12:00:00 AM
2022-05-19T05-25-31,27893,WALGREENS STORE #06927,NLP,NLP,NLP,20,05/18/2022 12:00:00 AM
2022-05-19T05-25-31,27893,WilsonValue Drug Store,NLP,NLP,NLP,33,05/16/2022 12:00:00 AM
2022-05-19T05-25-31,27893,WALGREENS STORE #06926,NLP,NLP,NLP,18,05/18/2022 12:00:00 AM
2022-05-19T05-25-31,27893,Walmart Pharmacy #1664,NLP,NLP,NLP,20,05/17/2022 12:00:00 AM
2022-05-19T05-25-31,27893,WALGREENS STORE #19254,NLP,NLP,NLP,19,05/18/2022 12:00:00 AM
2022-05-19T05-25-31,27893,WILSON COMMUNITY HEALTH CENTER RX,NLP,NLP,NLP,10,05/18/2022 12:00:00 AM
2022-05-19T05-25-31,27893,Walmart Pharmacy #4545,NLP,NLP,NLP,18,05/17/2022 12:00:00 AM
2022-05-19T05-25-31,27893,CVS Store #07335,NLP,NLP,NLP,22,05/18/2022 12:00:00 AM
2022-05-20T05-59-40,27893,WALGREENS STORE #06927,NLP,NLP,NLP,20,05/18/2022 12:00:00 AM
2022-05-20T05-59-40,27893,WilsonValue Drug Store,NLP,NLP,NLP,33,05/16/2022 12:00:00 AM
2022-05-20T05-59-40,27893,WALGREENS STORE #06926,NLP,NLP,NLP,18,05/18/2022 12:00:00 AM
2022-05-20T05-59-40,27893,Walmart Pharmacy #1664,NLP,NLP,NLP,20,05/17/2022 12:00:00 AM
2022-05-20T05-59-40,27893,WALGREENS STORE #19254,NLP,NLP,NLP,19,05/18/2022 12:00:00 AM
2022-05-20T05-59-40,27893,WILSON COMMUNITY HEALTH CENTER RX,NLP,NLP,NLP,10,05/18/2022 12:00:00 AM
2022-05-20T05-59-40,27893,Walmart Pharmacy #4545,NLP,NLP,NLP,18,05/17/2022 12:00:00 AM
2022-05-20T05-59-40,27893,CVS Store #07335,NLP,NLP,NLP,22,05/18/2022 12:00:00 AM
2022-05-21T05-54-21,27893,WALGREENS STORE #06926,NLP,NLP,NLP,18,05/19/2022 12:00:00 AM
2022-05-21T05-54-21,27893,WALGREENS STORE #06927,NLP,NLP,NLP,20,05/19/2022 12:00:00 AM
2022-05-21T05-54-21,27893,WilsonValue Drug Store,NLP,NLP,NLP,33,05/16/2022 12:00:00 AM
2022-05-21T05-54-21,27893,W C ROSE DRUG STORE DBA THOMAS DRUG,NLP,NLP,NLP,48,05/20/2022 12:00:00 AM
2022-05-21T05-54-21,27893,Walmart Pharmacy #1664,NLP,NLP,NLP,20,05/20/2022 12:00:00 AM
2022-05-21T05-54-21,27893,CVS Store #07335,NLP,NLP,NLP,21,05/20/2022 12:00:00 AM
2022-05-21T05-54-21,27893,WALGREENS STORE #19254,NLP,NLP,NLP,19,05/19/2022 12:00:00 AM
2022-05-21T05-54-21,27893,WILSON COMMUNITY HEALTH CENTER RX,NLP,NLP,NLP,10,05/20/2022 12:00:00 AM
2022-05-21T05-54-21,27893,Walmart Pharmacy #4545,NLP,NLP,NLP,18,05/20/2022 12:00:00 AM
2022-05-22T09-07-10,27893,WALGREENS STORE #06927,NLP,NLP,NLP,20,05/19/2022 12:00:00 AM
2022-05-22T09-07-10,27893,WALGREENS STORE #06926,NLP,NLP,NLP,18,05/19/2022 12:00:00 AM
2022-05-22T09-07-10,27893,WilsonValue Drug Store,NLP,NLP,NLP,33,05/16/2022 12:00:00 AM
2022-05-22T09-07-10,27893,CVS Store #07335,NLP,NLP,NLP,21,05/20/2022 12:00:00 AM
2022-05-22T09-07-10,27893,W C ROSE DRUG STORE DBA THOMAS DRUG,NLP,NLP,NLP,48,05/20/2022 12:00:00 AM
2022-05-22T09-07-10,27893,WALGREENS STORE #19254,NLP,NLP,NLP,19,05/19/2022 12:00:00 AM
2022-05-22T09-07-10,27893,Walmart Pharmacy #1664,NLP,NLP,NLP,20,05/20/2022 12:00:00 AM
2022-05-22T09-07-10,27893,WILSON COMMUNITY HEALTH CENTER RX,NLP,NLP,NLP,10,05/20/2022 12:00:00 AM
2022-05-22T09-07-10,27893,Walmart Pharmacy #4545,NLP,NLP,NLP,18,05/20/2022 12:00:00 AM
2022-05-23T07-42-39,27893,WALGREENS STORE #06927,NLP,NLP,NLP,20,05/19/2022 12:00:00 AM
2022-05-23T07-42-39,27893,WilsonValue Drug Store,NLP,NLP,NLP,33,05/16/2022 12:00:00 AM
2022-05-23T07-42-39,27893,WALGREENS STORE #06926,NLP,NLP,NLP,18,05/19/2022 12:00:00 AM
2022-05-23T07-42-39,27893,Walmart Pharmacy #1664,NLP,NLP,NLP,20,05/20/2022 12:00:00 AM
2022-05-23T07-42-39,27893,W C ROSE DRUG STORE DBA THOMAS DRUG,NLP,NLP,NLP,48,05/20/2022 12:00:00 AM
2022-05-23T07-42-39,27893,WALGREENS STORE #19254,NLP,NLP,NLP,19,05/19/2022 12:00:00 AM
2022-05-23T07-42-39,27893,CVS Store #07335,NLP,NLP,NLP,21,05/20/2022 12:00:00 AM
2022-05-23T07-42-39,27893,WILSON COMMUNITY HEALTH CENTER RX,NLP,NLP,NLP,10,05/20/2022 12:00:00 AM
2022-05-23T07-42-39,27893,Walmart Pharmacy #4545,NLP,NLP,NLP,18,05/20/2022 12:00:00 AM
2022-05-23T07-42-39,27893,WALGREENS STORE #06927,NLP,NLP,NLP,20,05/19/2022 12:00:00 AM
2022-05-23T07-42-39,27893,WilsonValue Drug Store,NLP,NLP,NLP,33,05/16/2022 12:00:00 AM
2022-05-23T07-42-39,27893,WALGREENS STORE #06926,NLP,NLP,NLP,18,05/19/2022 12:00:00 AM
2022-05-23T07-42-39,27893,Walmart Pharmacy #1664,NLP,NLP,NLP,20,05/20/2022 12:00:00 AM
2022-05-23T07-42-39,27893,W C ROSE DRUG STORE DBA THOMAS DRUG,NLP,NLP,NLP,48,05/20/2022 12:00:00 AM
2022-05-23T07-42-39,27893,WALGREENS STORE #19254,NLP,NLP,NLP,19,05/19/2022 12:00:00 AM
2022-05-23T07-42-39,27893,CVS Store #07335,NLP,NLP,NLP,21,05/20/2022 12:00:00 AM
2022-05-23T07-42-39,27893,WILSON COMMUNITY HEALTH CENTER RX,NLP,NLP,NLP,10,05/20/2022 12:00:00 AM
2022-05-23T07-42-39,27893,Walmart Pharmacy #4545,NLP,NLP,NLP,18,05/20/2022 12:00:00 AM
2022-05-23T07-42-39,27893,WALGREENS STORE #06927,NLP,NLP,NLP,20,05/19/2022 12:00:00 AM
2022-05-23T07-42-39,27893,WilsonValue Drug Store,NLP,NLP,NLP,33,05/16/2022 12:00:00 AM
2022-05-23T07-42-39,27893,WALGREENS STORE #06926,NLP,NLP,NLP,18,05/19/2022 12:00:00 AM
2022-05-23T07-42-39,27893,Walmart Pharmacy #1664,NLP,NLP,NLP,20,05/20/2022 12:00:00 AM
2022-05-23T07-42-39,27893,W C ROSE DRUG STORE DBA THOMAS DRUG,NLP,NLP,NLP,48,05/20/2022 12:00:00 AM
2022-05-23T07-42-39,27893,WALGREENS STORE #19254,NLP,NLP,NLP,19,05/19/2022 12:00:00 AM
2022-05-23T07-42-39,27893,CVS Store #07335,NLP,NLP,NLP,21,05/20/2022 12:00:00 AM
2022-05-23T07-42-39,27893,WILSON COMMUNITY HEALTH CENTER RX,NLP,NLP,NLP,10,05/20/2022 12:00:00 AM
2022-05-23T07-42-39,27893,Walmart Pharmacy #4545,NLP,NLP,NLP,18,05/20/2022 12:00:00 AM
2022-05-23T07-42-39,27893,WALGREENS STORE #06927,NLP,NLP,NLP,20,05/19/2022 12:00:00 AM
2022-05-23T07-42-39,27893,WilsonValue Drug Store,NLP,NLP,NLP,33,05/16/2022 12:00:00 AM
2022-05-23T07-42-39,27893,WALGREENS STORE #06926,NLP,NLP,NLP,18,05/19/2022 12:00:00 AM
2022-05-23T07-42-39,27893,Walmart Pharmacy #1664,NLP,NLP,NLP,20,05/20/2022 12:00:00 AM
2022-05-23T07-42-39,27893,W C ROSE DRUG STORE DBA THOMAS DRUG,NLP,NLP,NLP,48,05/20/2022 12:00:00 AM
2022-05-23T07-42-39,27893,WALGREENS STORE #19254,NLP,NLP,NLP,19,05/19/2022 12:00:00 AM
2022-05-23T07-42-39,27893,CVS Store #07335,NLP,NLP,NLP,21,05/20/2022 12:00:00 AM
2022-05-23T07-42-39,27893,WILSON COMMUNITY HEALTH CENTER RX,NLP,NLP,NLP,10,05/20/2022 12:00:00 AM
2022-05-23T07-42-39,27893,Walmart Pharmacy #4545,NLP,NLP,NLP,18,05/20/2022 12:00:00 AM
2022-05-23T07-42-39,27893,WALGREENS STORE #06927,NLP,NLP,NLP,20,05/19/2022 12:00:00 AM
2022-05-23T07-42-39,27893,WilsonValue Drug Store,NLP,NLP,NLP,33,05/16/2022 12:00:00 AM
2022-05-23T07-42-39,27893,WALGREENS STORE #06926,NLP,NLP,NLP,18,05/19/2022 12:00:00 AM
2022-05-23T07-42-39,27893,Walmart Pharmacy #1664,NLP,NLP,NLP,20,05/20/2022 12:00:00 AM
2022-05-23T07-42-39,27893,W C ROSE DRUG STORE DBA THOMAS DRUG,NLP,NLP,NLP,48,05/20/2022 12:00:00 AM
2022-05-23T07-42-39,27893,WALGREENS STORE #19254,NLP,NLP,NLP,19,05/19/2022 12:00:00 AM
2022-05-23T07-42-39,27893,CVS Store #07335,NLP,NLP,NLP,21,05/20/2022 12:00:00 AM
2022-05-23T07-42-39,27893,WILSON COMMUNITY HEALTH CENTER RX,NLP,NLP,NLP,10,05/20/2022 12:00:00 AM
2022-05-23T07-42-39,27893,Walmart Pharmacy #4545,NLP,NLP,NLP,18,05/20/2022 12:00:00 AM
2022-05-23T07-42-39,27893,WALGREENS STORE #06927,NLP,NLP,NLP,20,05/19/2022 12:00:00 AM
2022-05-23T07-42-39,27893,WilsonValue Drug Store,NLP,NLP,NLP,33,05/16/2022 12:00:00 AM
2022-05-23T07-42-39,27893,WALGREENS STORE #06926,NLP,NLP,NLP,18,05/19/2022 12:00:00 AM
2022-05-23T07-42-39,27893,Walmart Pharmacy #1664,NLP,NLP,NLP,20,05/20/2022 12:00:00 AM
2022-05-23T07-42-39,27893,W C ROSE DRUG STORE DBA THOMAS DRUG,NLP,NLP,NLP,48,05/20/2022 12:00:00 AM
2022-05-23T07-42-39,27893,WALGREENS STORE #19254,NLP,NLP,NLP,19,05/19/2022 12:00:00 AM
2022-05-23T07-42-39,27893,CVS Store #07335,NLP,NLP,NLP,21,05/20/2022 12:00:00 AM
2022-05-23T07-42-39,27893,WILSON COMMUNITY HEALTH CENTER RX,NLP,NLP,NLP,10,05/20/2022 12:00:00 AM
2022-05-23T07-42-39,27893,Walmart Pharmacy #4545,NLP,NLP,NLP,18,05/20/2022 12:00:00 AM
2022-05-23T07-42-39,27893,WALGREENS STORE #06927,NLP,NLP,NLP,20,05/19/2022 12:00:00 AM
2022-05-23T07-42-39,27893,WilsonValue Drug Store,NLP,NLP,NLP,33,05/16/2022 12:00:00 AM
2022-05-23T07-42-39,27893,WALGREENS STORE #06926,NLP,NLP,NLP,18,05/19/2022 12:00:00 AM
2022-05-23T07-42-39,27893,Walmart Pharmacy #1664,NLP,NLP,NLP,20,05/20/2022 12:00:00 AM
2022-05-23T07-42-39,27893,W C ROSE DRUG STORE DBA THOMAS DRUG,NLP,NLP,NLP,48,05/20/2022 12:00:00 AM
2022-05-23T07-42-39,27893,WALGREENS STORE #19254,NLP,NLP,NLP,19,05/19/2022 12:00:00 AM
2022-05-23T07-42-39,27893,CVS Store #07335,NLP,NLP,NLP,21,05/20/2022 12:00:00 AM
2022-05-23T07-42-39,27893,WILSON COMMUNITY HEALTH CENTER RX,NLP,NLP,NLP,10,05/20/2022 12:00:00 AM
2022-05-23T07-42-39,27893,Walmart Pharmacy #4545,NLP,NLP,NLP,18,05/20/2022 12:00:00 AM
2022-05-23T07-42-39,27893,WALGREENS STORE #06927,NLP,NLP,NLP,20,05/19/2022 12:00:00 AM
2022-05-23T07-42-39,27893,WilsonValue Drug Store,NLP,NLP,NLP,33,05/16/2022 12:00:00 AM
2022-05-23T07-42-39,27893,WALGREENS STORE #06926,NLP,NLP,NLP,18,05/19/2022 12:00:00 AM
2022-05-23T07-42-39,27893,Walmart Pharmacy #1664,NLP,NLP,NLP,20,05/20/2022 12:00:00 AM
2022-05-23T07-42-39,27893,W C ROSE DRUG STORE DBA THOMAS DRUG,NLP,NLP,NLP,48,05/20/2022 12:00:00 AM
2022-05-23T07-42-39,27893,WALGREENS STORE #19254,NLP,NLP,NLP,19,05/19/2022 12:00:00 AM
2022-05-23T07-42-39,27893,CVS Store #07335,NLP,NLP,NLP,21,05/20/2022 12:00:00 AM
2022-05-23T07-42-39,27893,WILSON COMMUNITY HEALTH CENTER RX,NLP,NLP,NLP,10,05/20/2022 12:00:00 AM
2022-05-23T07-42-39,27893,Walmart Pharmacy #4545,NLP,NLP,NLP,18,05/20/2022 12:00:00 AM
2022-05-23T07-42-39,27893,WALGREENS STORE #06927,NLP,NLP,NLP,20,05/19/2022 12:00:00 AM
2022-05-23T07-42-39,27893,WilsonValue Drug Store,NLP,NLP,NLP,33,05/16/2022 12:00:00 AM
2022-05-23T07-42-39,27893,WALGREENS STORE #06926,NLP,NLP,NLP,18,05/19/2022 12:00:00 AM
2022-05-23T07-42-39,27893,Walmart Pharmacy #1664,NLP,NLP,NLP,20,05/20/2022 12:00:00 AM
2022-05-23T07-42-39,27893,W C ROSE DRUG STORE DBA THOMAS DRUG,NLP,NLP,NLP,48,05/20/2022 12:00:00 AM
2022-05-23T07-42-39,27893,WALGREENS STORE #19254,NLP,NLP,NLP,19,05/19/2022 12:00:00 AM
2022-05-23T07-42-39,27893,CVS Store #07335,NLP,NLP,NLP,21,05/20/2022 12:00:00 AM
2022-05-23T07-42-39,27893,WILSON COMMUNITY HEALTH CENTER RX,NLP,NLP,NLP,10,05/20/2022 12:00:00 AM
2022-05-23T07-42-39,27893,Walmart Pharmacy #4545,NLP,NLP,NLP,18,05/20/2022 12:00:00 AM
2022-05-23T07-42-39,27893,WALGREENS STORE #06927,NLP,NLP,NLP,20,05/19/2022 12:00:00 AM
2022-05-23T07-42-39,27893,WilsonValue Drug Store,NLP,NLP,NLP,33,05/16/2022 12:00:00 AM
2022-05-23T07-42-39,27893,WALGREENS STORE #06926,NLP,NLP,NLP,18,05/19/2022 12:00:00 AM
2022-05-23T07-42-39,27893,Walmart Pharmacy #1664,NLP,NLP,NLP,20,05/20/2022 12:00:00 AM
2022-05-23T07-42-39,27893,W C ROSE DRUG STORE DBA THOMAS DRUG,NLP,NLP,NLP,48,05/20/2022 12:00:00 AM
2022-05-23T07-42-39,27893,WALGREENS STORE #19254,NLP,NLP,NLP,19,05/19/2022 12:00:00 AM
2022-05-23T07-42-39,27893,CVS Store #07335,NLP,NLP,NLP,21,05/20/2022 12:00:00 AM
2022-05-23T07-42-39,27893,WILSON COMMUNITY HEALTH CENTER RX,NLP,NLP,NLP,10,05/20/2022 12:00:00 AM
2022-05-23T07-42-39,27893,Walmart Pharmacy #4545,NLP,NLP,NLP,18,05/20/2022 12:00:00 AM
2022-05-23T07-42-39,27893,WALGREENS STORE #06927,NLP,NLP,NLP,20,05/19/2022 12:00:00 AM
2022-05-23T07-42-39,27893,WilsonValue Drug Store,NLP,NLP,NLP,33,05/16/2022 12:00:00 AM
2022-05-23T07-42-39,27893,WALGREENS STORE #06926,NLP,NLP,NLP,18,05/19/2022 12:00:00 AM
2022-05-23T07-42-39,27893,Walmart Pharmacy #1664,NLP,NLP,NLP,20,05/20/2022 12:00:00 AM
2022-05-23T07-42-39,27893,W C ROSE DRUG STORE DBA THOMAS DRUG,NLP,NLP,NLP,48,05/20/2022 12:00:00 AM
2022-05-23T07-42-39,27893,WALGREENS STORE #19254,NLP,NLP,NLP,19,05/19/2022 12:00:00 AM
2022-05-23T07-42-39,27893,CVS Store #07335,NLP,NLP,NLP,21,05/20/2022 12:00:00 AM
2022-05-23T07-42-39,27893,WILSON COMMUNITY HEALTH CENTER RX,NLP,NLP,NLP,10,05/20/2022 12:00:00 AM
2022-05-23T07-42-39,27893,Walmart Pharmacy #4545,NLP,NLP,NLP,18,05/20/2022 12:00:00 AM
2022-05-23T07-42-39,27893,WALGREENS STORE #06927,NLP,NLP,NLP,20,05/19/2022 12:00:00 AM
2022-05-23T07-42-39,27893,WilsonValue Drug Store,NLP,NLP,NLP,33,05/16/2022 12:00:00 AM
2022-05-23T07-42-39,27893,WALGREENS STORE #06926,NLP,NLP,NLP,18,05/19/2022 12:00:00 AM
2022-05-23T07-42-39,27893,Walmart Pharmacy #1664,NLP,NLP,NLP,20,05/20/2022 12:00:00 AM
2022-05-23T07-42-39,27893,W C ROSE DRUG STORE DBA THOMAS DRUG,NLP,NLP,NLP,48,05/20/2022 12:00:00 AM
2022-05-23T07-42-39,27893,WALGREENS STORE #19254,NLP,NLP,NLP,19,05/19/2022 12:00:00 AM
2022-05-23T07-42-39,27893,CVS Store #07335,NLP,NLP,NLP,21,05/20/2022 12:00:00 AM
2022-05-23T07-42-39,27893,WILSON COMMUNITY HEALTH CENTER RX,NLP,NLP,NLP,10,05/20/2022 12:00:00 AM
2022-05-23T07-42-39,27893,Walmart Pharmacy #4545,NLP,NLP,NLP,18,05/20/2022 12:00:00 AM
2022-05-23T07-42-39,27893,WALGREENS STORE #06927,NLP,NLP,NLP,20,05/19/2022 12:00:00 AM
2022-05-23T07-42-39,27893,WilsonValue Drug Store,NLP,NLP,NLP,33,05/16/2022 12:00:00 AM
2022-05-23T07-42-39,27893,WALGREENS STORE #06926,NLP,NLP,NLP,18,05/19/2022 12:00:00 AM
2022-05-23T07-42-39,27893,Walmart Pharmacy #1664,NLP,NLP,NLP,20,05/20/2022 12:00:00 AM
2022-05-23T07-42-39,27893,W C ROSE DRUG STORE DBA THOMAS DRUG,NLP,NLP,NLP,48,05/20/2022 12:00:00 AM
2022-05-23T07-42-39,27893,WALGREENS STORE #19254,NLP,NLP,NLP,19,05/19/2022 12:00:00 AM
2022-05-23T07-42-39,27893,CVS Store #07335,NLP,NLP,NLP,21,05/20/2022 12:00:00 AM
2022-05-23T07-42-39,27893,WILSON COMMUNITY HEALTH CENTER RX,NLP,NLP,NLP,10,05/20/2022 12:00:00 AM
2022-05-23T07-42-39,27893,Walmart Pharmacy #4545,NLP,NLP,NLP,18,05/20/2022 12:00:00 AM
2022-05-23T07-42-39,27893,WALGREENS STORE #06927,NLP,NLP,NLP,20,05/19/2022 12:00:00 AM
2022-05-23T07-42-39,27893,WilsonValue Drug Store,NLP,NLP,NLP,33,05/16/2022 12:00:00 AM
2022-05-23T07-42-39,27893,WALGREENS STORE #06926,NLP,NLP,NLP,18,05/19/2022 12:00:00 AM
2022-05-23T07-42-39,27893,Walmart Pharmacy #1664,NLP,NLP,NLP,20,05/20/2022 12:00:00 AM
2022-05-23T07-42-39,27893,W C ROSE DRUG STORE DBA THOMAS DRUG,NLP,NLP,NLP,48,05/20/2022 12:00:00 AM
2022-05-23T07-42-39,27893,WALGREENS STORE #19254,NLP,NLP,NLP,19,05/19/2022 12:00:00 AM
2022-05-23T07-42-39,27893,CVS Store #07335,NLP,NLP,NLP,21,05/20/2022 12:00:00 AM
2022-05-23T07-42-39,27893,WILSON COMMUNITY HEALTH CENTER RX,NLP,NLP,NLP,10,05/20/2022 12:00:00 AM
2022-05-23T07-42-39,27893,Walmart Pharmacy #4545,NLP,NLP,NLP,18,05/20/2022 12:00:00 AM
2022-05-23T07-42-39,27893,WALGREENS STORE #06927,NLP,NLP,NLP,20,05/19/2022 12:00:00 AM
2022-05-23T07-42-39,27893,WilsonValue Drug Store,NLP,NLP,NLP,33,05/16/2022 12:00:00 AM
2022-05-23T07-42-39,27893,WALGREENS STORE #06926,NLP,NLP,NLP,18,05/19/2022 12:00:00 AM
2022-05-23T07-42-39,27893,Walmart Pharmacy #1664,NLP,NLP,NLP,20,05/20/2022 12:00:00 AM
2022-05-23T07-42-39,27893,W C ROSE DRUG STORE DBA THOMAS DRUG,NLP,NLP,NLP,48,05/20/2022 12:00:00 AM
2022-05-23T07-42-39,27893,WALGREENS STORE #19254,NLP,NLP,NLP,19,05/19/2022 12:00:00 AM
2022-05-23T07-42-39,27893,CVS Store #07335,NLP,NLP,NLP,21,05/20/2022 12:00:00 AM
2022-05-23T07-42-39,27893,WILSON COMMUNITY HEALTH CENTER RX,NLP,NLP,NLP,10,05/20/2022 12:00:00 AM
2022-05-23T07-42-39,27893,Walmart Pharmacy #4545,NLP,NLP,NLP,18,05/20/2022 12:00:00 AM
2022-05-23T07-42-39,27893,WALGREENS STORE #06927,NLP,NLP,NLP,20,05/19/2022 12:00:00 AM
2022-05-23T07-42-39,27893,WilsonValue Drug Store,NLP,NLP,NLP,33,05/16/2022 12:00:00 AM
2022-05-23T07-42-39,27893,WALGREENS STORE #06926,NLP,NLP,NLP,18,05/19/2022 12:00:00 AM
2022-05-23T07-42-39,27893,Walmart Pharmacy #1664,NLP,NLP,NLP,20,05/20/2022 12:00:00 AM
2022-05-23T07-42-39,27893,W C ROSE DRUG STORE DBA THOMAS DRUG,NLP,NLP,NLP,48,05/20/2022 12:00:00 AM
2022-05-23T07-42-39,27893,WALGREENS STORE #19254,NLP,NLP,NLP,19,05/19/2022 12:00:00 AM
2022-05-23T07-42-39,27893,CVS Store #07335,NLP,NLP,NLP,21,05/20/2022 12:00:00 AM
2022-05-23T07-42-39,27893,WILSON COMMUNITY HEALTH CENTER RX,NLP,NLP,NLP,10,05/20/2022 12:00:00 AM
2022-05-23T07-42-39,27893,Walmart Pharmacy #4545,NLP,NLP,NLP,18,05/20/2022 12:00:00 AM
2022-05-24T05-46-03,27893,WALGREENS STORE #06927,NLP,NLP,NLP,19,05/23/2022 12:00:00 AM
2022-05-24T05-46-03,27893,WilsonValue Drug Store,NLP,NLP,NLP,33,05/16/2022 12:00:00 AM
2022-05-24T05-46-03,27893,WALGREENS STORE #06926,NLP,NLP,NLP,18,05/23/2022 12:00:00 AM
2022-05-24T05-46-03,27893,CVS Store #07335,NLP,NLP,NLP,21,05/23/2022 12:00:00 AM
2022-05-24T05-46-03,27893,WALGREENS STORE #19254,NLP,NLP,NLP,19,05/23/2022 12:00:00 AM
2022-05-24T05-46-03,27893,W C ROSE DRUG STORE DBA THOMAS DRUG,NLP,NLP,NLP,48,05/20/2022 12:00:00 AM
2022-05-24T05-46-03,27893,Walmart Pharmacy #1664,NLP,NLP,NLP,20,05/23/2022 12:00:00 AM
2022-05-24T05-46-03,27893,Walmart Pharmacy #4545,NLP,NLP,NLP,18,05/23/2022 12:00:00 AM
2022-05-24T05-46-03,27893,WILSON COMMUNITY HEALTH CENTER RX,NLP,NLP,NLP,10,05/23/2022 12:00:00 AM
2022-05-24T05-46-03,27893,WALGREENS STORE #06927,NLP,NLP,NLP,19,05/23/2022 12:00:00 AM
2022-05-24T05-46-03,27893,WilsonValue Drug Store,NLP,NLP,NLP,33,05/16/2022 12:00:00 AM
2022-05-24T05-46-03,27893,WALGREENS STORE #06926,NLP,NLP,NLP,18,05/23/2022 12:00:00 AM
2022-05-24T05-46-03,27893,CVS Store #07335,NLP,NLP,NLP,21,05/23/2022 12:00:00 AM
2022-05-24T05-46-03,27893,WALGREENS STORE #19254,NLP,NLP,NLP,19,05/23/2022 12:00:00 AM
2022-05-24T05-46-03,27893,W C ROSE DRUG STORE DBA THOMAS DRUG,NLP,NLP,NLP,48,05/20/2022 12:00:00 AM
2022-05-24T05-46-03,27893,Walmart Pharmacy #1664,NLP,NLP,NLP,20,05/23/2022 12:00:00 AM
2022-05-24T05-46-03,27893,Walmart Pharmacy #4545,NLP,NLP,NLP,18,05/23/2022 12:00:00 AM
2022-05-24T05-46-03,27893,WILSON COMMUNITY HEALTH CENTER RX,NLP,NLP,NLP,10,05/23/2022 12:00:00 AM
2022-05-24T05-46-03,27893,WALGREENS STORE #06927,NLP,NLP,NLP,19,05/23/2022 12:00:00 AM
2022-05-24T05-46-03,27893,WilsonValue Drug Store,NLP,NLP,NLP,33,05/16/2022 12:00:00 AM
2022-05-24T05-46-03,27893,WALGREENS STORE #06926,NLP,NLP,NLP,18,05/23/2022 12:00:00 AM
2022-05-24T05-46-03,27893,CVS Store #07335,NLP,NLP,NLP,21,05/23/2022 12:00:00 AM
2022-05-24T05-46-03,27893,WALGREENS STORE #19254,NLP,NLP,NLP,19,05/23/2022 12:00:00 AM
2022-05-24T05-46-03,27893,W C ROSE DRUG STORE DBA THOMAS DRUG,NLP,NLP,NLP,48,05/20/2022 12:00:00 AM
2022-05-24T05-46-03,27893,Walmart Pharmacy #1664,NLP,NLP,NLP,20,05/23/2022 12:00:00 AM
2022-05-24T05-46-03,27893,Walmart Pharmacy #4545,NLP,NLP,NLP,18,05/23/2022 12:00:00 AM
2022-05-24T05-46-03,27893,WILSON COMMUNITY HEALTH CENTER RX,NLP,NLP,NLP,10,05/23/2022 12:00:00 AM
2022-05-24T05-46-03,27893,WALGREENS STORE #06927,NLP,NLP,NLP,19,05/23/2022 12:00:00 AM
2022-05-24T05-46-03,27893,WilsonValue Drug Store,NLP,NLP,NLP,33,05/16/2022 12:00:00 AM
2022-05-24T05-46-03,27893,WALGREENS STORE #06926,NLP,NLP,NLP,18,05/23/2022 12:00:00 AM
2022-05-24T05-46-03,27893,CVS Store #07335,NLP,NLP,NLP,21,05/23/2022 12:00:00 AM
2022-05-24T05-46-03,27893,WALGREENS STORE #19254,NLP,NLP,NLP,19,05/23/2022 12:00:00 AM
2022-05-24T05-46-03,27893,W C ROSE DRUG STORE DBA THOMAS DRUG,NLP,NLP,NLP,48,05/20/2022 12:00:00 AM
2022-05-24T05-46-03,27893,Walmart Pharmacy #1664,NLP,NLP,NLP,20,05/23/2022 12:00:00 AM
2022-05-24T05-46-03,27893,Walmart Pharmacy #4545,NLP,NLP,NLP,18,05/23/2022 12:00:00 AM
2022-05-24T05-46-03,27893,WILSON COMMUNITY HEALTH CENTER RX,NLP,NLP,NLP,10,05/23/2022 12:00:00 AM
2022-05-24T05-46-03,27893,WALGREENS STORE #06927,NLP,NLP,NLP,19,05/23/2022 12:00:00 AM
2022-05-24T05-46-03,27893,WilsonValue Drug Store,NLP,NLP,NLP,33,05/16/2022 12:00:00 AM
2022-05-24T05-46-03,27893,WALGREENS STORE #06926,NLP,NLP,NLP,18,05/23/2022 12:00:00 AM
2022-05-24T05-46-03,27893,CVS Store #07335,NLP,NLP,NLP,21,05/23/2022 12:00:00 AM
2022-05-24T05-46-03,27893,WALGREENS STORE #19254,NLP,NLP,NLP,19,05/23/2022 12:00:00 AM
2022-05-24T05-46-03,27893,W C ROSE DRUG STORE DBA THOMAS DRUG,NLP,NLP,NLP,48,05/20/2022 12:00:00 AM
2022-05-24T05-46-03,27893,Walmart Pharmacy #1664,NLP,NLP,NLP,20,05/23/2022 12:00:00 AM
2022-05-24T05-46-03,27893,Walmart Pharmacy #4545,NLP,NLP,NLP,18,05/23/2022 12:00:00 AM
2022-05-24T05-46-03,27893,WILSON COMMUNITY HEALTH CENTER RX,NLP,NLP,NLP,10,05/23/2022 12:00:00 AM
2022-05-24T05-46-03,27893,WALGREENS STORE #06927,NLP,NLP,NLP,19,05/23/2022 12:00:00 AM
2022-05-24T05-46-03,27893,WilsonValue Drug Store,NLP,NLP,NLP,33,05/16/2022 12:00:00 AM
2022-05-24T05-46-03,27893,WALGREENS STORE #06926,NLP,NLP,NLP,18,05/23/2022 12:00:00 AM
2022-05-24T05-46-03,27893,CVS Store #07335,NLP,NLP,NLP,21,05/23/2022 12:00:00 AM
2022-05-24T05-46-03,27893,WALGREENS STORE #19254,NLP,NLP,NLP,19,05/23/2022 12:00:00 AM
2022-05-24T05-46-03,27893,W C ROSE DRUG STORE DBA THOMAS DRUG,NLP,NLP,NLP,48,05/20/2022 12:00:00 AM
2022-05-24T05-46-03,27893,Walmart Pharmacy #1664,NLP,NLP,NLP,20,05/23/2022 12:00:00 AM
2022-05-24T05-46-03,27893,Walmart Pharmacy #4545,NLP,NLP,NLP,18,05/23/2022 12:00:00 AM
2022-05-24T05-46-03,27893,WILSON COMMUNITY HEALTH CENTER RX,NLP,NLP,NLP,10,05/23/2022 12:00:00 AM
2022-05-24T05-46-03,27893,WALGREENS STORE #06927,NLP,NLP,NLP,19,05/23/2022 12:00:00 AM
2022-05-24T05-46-03,27893,WilsonValue Drug Store,NLP,NLP,NLP,33,05/16/2022 12:00:00 AM
2022-05-24T05-46-03,27893,WALGREENS STORE #06926,NLP,NLP,NLP,18,05/23/2022 12:00:00 AM
2022-05-24T05-46-03,27893,CVS Store #07335,NLP,NLP,NLP,21,05/23/2022 12:00:00 AM
2022-05-24T05-46-03,27893,WALGREENS STORE #19254,NLP,NLP,NLP,19,05/23/2022 12:00:00 AM
2022-05-24T05-46-03,27893,W C ROSE DRUG STORE DBA THOMAS DRUG,NLP,NLP,NLP,48,05/20/2022 12:00:00 AM
2022-05-24T05-46-03,27893,Walmart Pharmacy #1664,NLP,NLP,NLP,20,05/23/2022 12:00:00 AM
2022-05-24T05-46-03,27893,Walmart Pharmacy #4545,NLP,NLP,NLP,18,05/23/2022 12:00:00 AM
2022-05-24T05-46-03,27893,WILSON COMMUNITY HEALTH CENTER RX,NLP,NLP,NLP,10,05/23/2022 12:00:00 AM
2022-05-24T05-46-03,27893,WALGREENS STORE #06927,NLP,NLP,NLP,19,05/23/2022 12:00:00 AM
2022-05-24T05-46-03,27893,WilsonValue Drug Store,NLP,NLP,NLP,33,05/16/2022 12:00:00 AM
2022-05-24T05-46-03,27893,WALGREENS STORE #06926,NLP,NLP,NLP,18,05/23/2022 12:00:00 AM
2022-05-24T05-46-03,27893,CVS Store #07335,NLP,NLP,NLP,21,05/23/2022 12:00:00 AM
2022-05-24T05-46-03,27893,WALGREENS STORE #19254,NLP,NLP,NLP,19,05/23/2022 12:00:00 AM
2022-05-24T05-46-03,27893,W C ROSE DRUG STORE DBA THOMAS DRUG,NLP,NLP,NLP,48,05/20/2022 12:00:00 AM
2022-05-24T05-46-03,27893,Walmart Pharmacy #1664,NLP,NLP,NLP,20,05/23/2022 12:00:00 AM
2022-05-24T05-46-03,27893,Walmart Pharmacy #4545,NLP,NLP,NLP,18,05/23/2022 12:00:00 AM
2022-05-24T05-46-03,27893,WILSON COMMUNITY HEALTH CENTER RX,NLP,NLP,NLP,10,05/23/2022 12:00:00 AM
2022-05-24T05-46-03,27893,WALGREENS STORE #06927,NLP,NLP,NLP,19,05/23/2022 12:00:00 AM
2022-05-24T05-46-03,27893,WilsonValue Drug Store,NLP,NLP,NLP,33,05/16/2022 12:00:00 AM
2022-05-24T05-46-03,27893,WALGREENS STORE #06926,NLP,NLP,NLP,18,05/23/2022 12:00:00 AM
2022-05-24T05-46-03,27893,CVS Store #07335,NLP,NLP,NLP,21,05/23/2022 12:00:00 AM
2022-05-24T05-46-03,27893,WALGREENS STORE #19254,NLP,NLP,NLP,19,05/23/2022 12:00:00 AM
2022-05-24T05-46-03,27893,W C ROSE DRUG STORE DBA THOMAS DRUG,NLP,NLP,NLP,48,05/20/2022 12:00:00 AM
2022-05-24T05-46-03,27893,Walmart Pharmacy #1664,NLP,NLP,NLP,20,05/23/2022 12:00:00 AM
2022-05-24T05-46-03,27893,Walmart Pharmacy #4545,NLP,NLP,NLP,18,05/23/2022 12:00:00 AM
2022-05-24T05-46-03,27893,WILSON COMMUNITY HEALTH CENTER RX,NLP,NLP,NLP,10,05/23/2022 12:00:00 AM
2022-05-24T05-46-03,27893,WALGREENS STORE #06927,NLP,NLP,NLP,19,05/23/2022 12:00:00 AM
2022-05-24T05-46-03,27893,WilsonValue Drug Store,NLP,NLP,NLP,33,05/16/2022 12:00:00 AM
2022-05-24T05-46-03,27893,WALGREENS STORE #06926,NLP,NLP,NLP,18,05/23/2022 12:00:00 AM
2022-05-24T05-46-03,27893,CVS Store #07335,NLP,NLP,NLP,21,05/23/2022 12:00:00 AM
2022-05-24T05-46-03,27893,WALGREENS STORE #19254,NLP,NLP,NLP,19,05/23/2022 12:00:00 AM
2022-05-24T05-46-03,27893,W C ROSE DRUG STORE DBA THOMAS DRUG,NLP,NLP,NLP,48,05/20/2022 12:00:00 AM
2022-05-24T05-46-03,27893,Walmart Pharmacy #1664,NLP,NLP,NLP,20,05/23/2022 12:00:00 AM
2022-05-24T05-46-03,27893,Walmart Pharmacy #4545,NLP,NLP,NLP,18,05/23/2022 12:00:00 AM
2022-05-24T05-46-03,27893,WILSON COMMUNITY HEALTH CENTER RX,NLP,NLP,NLP,10,05/23/2022 12:00:00 AM
2022-05-24T05-46-03,27893,WALGREENS STORE #06927,NLP,NLP,NLP,19,05/23/2022 12:00:00 AM
2022-05-24T05-46-03,27893,WilsonValue Drug Store,NLP,NLP,NLP,33,05/16/2022 12:00:00 AM
2022-05-24T05-46-03,27893,WALGREENS STORE #06926,NLP,NLP,NLP,18,05/23/2022 12:00:00 AM
2022-05-24T05-46-03,27893,CVS Store #07335,NLP,NLP,NLP,21,05/23/2022 12:00:00 AM
2022-05-24T05-46-03,27893,WALGREENS STORE #19254,NLP,NLP,NLP,19,05/23/2022 12:00:00 AM
2022-05-24T05-46-03,27893,W C ROSE DRUG STORE DBA THOMAS DRUG,NLP,NLP,NLP,48,05/20/2022 12:00:00 AM
2022-05-24T05-46-03,27893,Walmart Pharmacy #1664,NLP,NLP,NLP,20,05/23/2022 12:00:00 AM
2022-05-24T05-46-03,27893,Walmart Pharmacy #4545,NLP,NLP,NLP,18,05/23/2022 12:00:00 AM
2022-05-24T05-46-03,27893,WILSON COMMUNITY HEALTH CENTER RX,NLP,NLP,NLP,10,05/23/2022 12:00:00 AM
2022-05-24T05-46-03,27893,WALGREENS STORE #06927,NLP,NLP,NLP,19,05/23/2022 12:00:00 AM
2022-05-24T05-46-03,27893,WilsonValue Drug Store,NLP,NLP,NLP,33,05/16/2022 12:00:00 AM
2022-05-24T05-46-03,27893,WALGREENS STORE #06926,NLP,NLP,NLP,18,05/23/2022 12:00:00 AM
2022-05-24T05-46-03,27893,CVS Store #07335,NLP,NLP,NLP,21,05/23/2022 12:00:00 AM
2022-05-24T05-46-03,27893,WALGREENS STORE #19254,NLP,NLP,NLP,19,05/23/2022 12:00:00 AM
2022-05-24T05-46-03,27893,W C ROSE DRUG STORE DBA THOMAS DRUG,NLP,NLP,NLP,48,05/20/2022 12:00:00 AM
2022-05-24T05-46-03,27893,Walmart Pharmacy #1664,NLP,NLP,NLP,20,05/23/2022 12:00:00 AM
2022-05-24T05-46-03,27893,Walmart Pharmacy #4545,NLP,NLP,NLP,18,05/23/2022 12:00:00 AM
2022-05-24T05-46-03,27893,WILSON COMMUNITY HEALTH CENTER RX,NLP,NLP,NLP,10,05/23/2022 12:00:00 AM
2022-05-24T05-46-03,27893,WALGREENS STORE #06927,NLP,NLP,NLP,19,05/23/2022 12:00:00 AM
2022-05-24T05-46-03,27893,WilsonValue Drug Store,NLP,NLP,NLP,33,05/16/2022 12:00:00 AM
2022-05-24T05-46-03,27893,WALGREENS STORE #06926,NLP,NLP,NLP,18,05/23/2022 12:00:00 AM
2022-05-24T05-46-03,27893,CVS Store #07335,NLP,NLP,NLP,21,05/23/2022 12:00:00 AM
2022-05-24T05-46-03,27893,WALGREENS STORE #19254,NLP,NLP,NLP,19,05/23/2022 12:00:00 AM
2022-05-24T05-46-03,27893,W C ROSE DRUG STORE DBA THOMAS DRUG,NLP,NLP,NLP,48,05/20/2022 12:00:00 AM
2022-05-24T05-46-03,27893,Walmart Pharmacy #1664,NLP,NLP,NLP,20,05/23/2022 12:00:00 AM
2022-05-24T05-46-03,27893,Walmart Pharmacy #4545,NLP,NLP,NLP,18,05/23/2022 12:00:00 AM
2022-05-24T05-46-03,27893,WILSON COMMUNITY HEALTH CENTER RX,NLP,NLP,NLP,10,05/23/2022 12:00:00 AM
2022-05-24T05-46-03,27893,WALGREENS STORE #06927,NLP,NLP,NLP,19,05/23/2022 12:00:00 AM
2022-05-24T05-46-03,27893,WilsonValue Drug Store,NLP,NLP,NLP,33,05/16/2022 12:00:00 AM
2022-05-24T05-46-03,27893,WALGREENS STORE #06926,NLP,NLP,NLP,18,05/23/2022 12:00:00 AM
2022-05-24T05-46-03,27893,CVS Store #07335,NLP,NLP,NLP,21,05/23/2022 12:00:00 AM
2022-05-24T05-46-03,27893,WALGREENS STORE #19254,NLP,NLP,NLP,19,05/23/2022 12:00:00 AM
2022-05-24T05-46-03,27893,W C ROSE DRUG STORE DBA THOMAS DRUG,NLP,NLP,NLP,48,05/20/2022 12:00:00 AM
2022-05-24T05-46-03,27893,Walmart Pharmacy #1664,NLP,NLP,NLP,20,05/23/2022 12:00:00 AM
2022-05-24T05-46-03,27893,Walmart Pharmacy #4545,NLP,NLP,NLP,18,05/23/2022 12:00:00 AM
2022-05-24T05-46-03,27893,WILSON COMMUNITY HEALTH CENTER RX,NLP,NLP,NLP,10,05/23/2022 12:00:00 AM
2022-05-24T05-46-03,27893,WALGREENS STORE #06927,NLP,NLP,NLP,19,05/23/2022 12:00:00 AM
2022-05-24T05-46-03,27893,WilsonValue Drug Store,NLP,NLP,NLP,33,05/16/2022 12:00:00 AM
2022-05-24T05-46-03,27893,WALGREENS STORE #06926,NLP,NLP,NLP,18,05/23/2022 12:00:00 AM
2022-05-24T05-46-03,27893,CVS Store #07335,NLP,NLP,NLP,21,05/23/2022 12:00:00 AM
2022-05-24T05-46-03,27893,WALGREENS STORE #19254,NLP,NLP,NLP,19,05/23/2022 12:00:00 AM
2022-05-24T05-46-03,27893,W C ROSE DRUG STORE DBA THOMAS DRUG,NLP,NLP,NLP,48,05/20/2022 12:00:00 AM
2022-05-24T05-46-03,27893,Walmart Pharmacy #1664,NLP,NLP,NLP,20,05/23/2022 12:00:00 AM
2022-05-24T05-46-03,27893,Walmart Pharmacy #4545,NLP,NLP,NLP,18,05/23/2022 12:00:00 AM
2022-05-24T05-46-03,27893,WILSON COMMUNITY HEALTH CENTER RX,NLP,NLP,NLP,10,05/23/2022 12:00:00 AM
2022-05-24T05-46-03,27893,WALGREENS STORE #06927,NLP,NLP,NLP,19,05/23/2022 12:00:00 AM
2022-05-24T05-46-03,27893,WilsonValue Drug Store,NLP,NLP,NLP,33,05/16/2022 12:00:00 AM
2022-05-24T05-46-03,27893,WALGREENS STORE #06926,NLP,NLP,NLP,18,05/23/2022 12:00:00 AM
2022-05-24T05-46-03,27893,CVS Store #07335,NLP,NLP,NLP,21,05/23/2022 12:00:00 AM
2022-05-24T05-46-03,27893,WALGREENS STORE #19254,NLP,NLP,NLP,19,05/23/2022 12:00:00 AM
2022-05-24T05-46-03,27893,W C ROSE DRUG STORE DBA THOMAS DRUG,NLP,NLP,NLP,48,05/20/2022 12:00:00 AM
2022-05-24T05-46-03,27893,Walmart Pharmacy #1664,NLP,NLP,NLP,20,05/23/2022 12:00:00 AM
2022-05-24T05-46-03,27893,Walmart Pharmacy #4545,NLP,NLP,NLP,18,05/23/2022 12:00:00 AM
2022-05-24T05-46-03,27893,WILSON COMMUNITY HEALTH CENTER RX,NLP,NLP,NLP,10,05/23/2022 12:00:00 AM
2022-05-24T05-46-03,27893,WALGREENS STORE #06927,NLP,NLP,NLP,19,05/23/2022 12:00:00 AM
2022-05-24T05-46-03,27893,WilsonValue Drug Store,NLP,NLP,NLP,33,05/16/2022 12:00:00 AM
2022-05-24T05-46-03,27893,WALGREENS STORE #06926,NLP,NLP,NLP,18,05/23/2022 12:00:00 AM
2022-05-24T05-46-03,27893,CVS Store #07335,NLP,NLP,NLP,21,05/23/2022 12:00:00 AM
2022-05-24T05-46-03,27893,WALGREENS STORE #19254,NLP,NLP,NLP,19,05/23/2022 12:00:00 AM
2022-05-24T05-46-03,27893,W C ROSE DRUG STORE DBA THOMAS DRUG,NLP,NLP,NLP,48,05/20/2022 12:00:00 AM
2022-05-24T05-46-03,27893,Walmart Pharmacy #1664,NLP,NLP,NLP,20,05/23/2022 12:00:00 AM
2022-05-24T05-46-03,27893,Walmart Pharmacy #4545,NLP,NLP,NLP,18,05/23/2022 12:00:00 AM
2022-05-24T05-46-03,27893,WILSON COMMUNITY HEALTH CENTER RX,NLP,NLP,NLP,10,05/23/2022 12:00:00 AM
2022-05-24T05-46-03,27893,WALGREENS STORE #06927,NLP,NLP,NLP,19,05/23/2022 12:00:00 AM
2022-05-24T05-46-03,27893,WilsonValue Drug Store,NLP,NLP,NLP,33,05/16/2022 12:00:00 AM
2022-05-24T05-46-03,27893,WALGREENS STORE #06926,NLP,NLP,NLP,18,05/23/2022 12:00:00 AM
2022-05-24T05-46-03,27893,CVS Store #07335,NLP,NLP,NLP,21,05/23/2022 12:00:00 AM
2022-05-24T05-46-03,27893,WALGREENS STORE #19254,NLP,NLP,NLP,19,05/23/2022 12:00:00 AM
2022-05-24T05-46-03,27893,W C ROSE DRUG STORE DBA THOMAS DRUG,NLP,NLP,NLP,48,05/20/2022 12:00:00 AM
2022-05-24T05-46-03,27893,Walmart Pharmacy #1664,NLP,NLP,NLP,20,05/23/2022 12:00:00 AM
2022-05-24T05-46-03,27893,Walmart Pharmacy #4545,NLP,NLP,NLP,18,05/23/2022 12:00:00 AM
2022-05-24T05-46-03,27893,WILSON COMMUNITY HEALTH CENTER RX,NLP,NLP,NLP,10,05/23/2022 12:00:00 AM
2022-05-24T05-46-03,27893,WALGREENS STORE #06927,NLP,NLP,NLP,19,05/23/2022 12:00:00 AM
2022-05-24T05-46-03,27893,WilsonValue Drug Store,NLP,NLP,NLP,33,05/16/2022 12:00:00 AM
2022-05-24T05-46-03,27893,WALGREENS STORE #06926,NLP,NLP,NLP,18,05/23/2022 12:00:00 AM
2022-05-24T05-46-03,27893,CVS Store #07335,NLP,NLP,NLP,21,05/23/2022 12:00:00 AM
2022-05-24T05-46-03,27893,WALGREENS STORE #19254,NLP,NLP,NLP,19,05/23/2022 12:00:00 AM
2022-05-24T05-46-03,27893,W C ROSE DRUG STORE DBA THOMAS DRUG,NLP,NLP,NLP,48,05/20/2022 12:00:00 AM
2022-05-24T05-46-03,27893,Walmart Pharmacy #1664,NLP,NLP,NLP,20,05/23/2022 12:00:00 AM
2022-05-24T05-46-03,27893,Walmart Pharmacy #4545,NLP,NLP,NLP,18,05/23/2022 12:00:00 AM
2022-05-24T05-46-03,27893,WILSON COMMUNITY HEALTH CENTER RX,NLP,NLP,NLP,10,05/23/2022 12:00:00 AM
2022-05-24T05-46-03,27893,WALGREENS STORE #06927,NLP,NLP,NLP,19,05/23/2022 12:00:00 AM
2022-05-24T05-46-03,27893,WilsonValue Drug Store,NLP,NLP,NLP,33,05/16/2022 12:00:00 AM
2022-05-24T05-46-03,27893,WALGREENS STORE #06926,NLP,NLP,NLP,18,05/23/2022 12:00:00 AM
2022-05-24T05-46-03,27893,CVS Store #07335,NLP,NLP,NLP,21,05/23/2022 12:00:00 AM
2022-05-24T05-46-03,27893,WALGREENS STORE #19254,NLP,NLP,NLP,19,05/23/2022 12:00:00 AM
2022-05-24T05-46-03,27893,W C ROSE DRUG STORE DBA THOMAS DRUG,NLP,NLP,NLP,48,05/20/2022 12:00:00 AM
2022-05-24T05-46-03,27893,Walmart Pharmacy #1664,NLP,NLP,NLP,20,05/23/2022 12:00:00 AM
2022-05-24T05-46-03,27893,Walmart Pharmacy #4545,NLP,NLP,NLP,18,05/23/2022 12:00:00 AM
2022-05-24T05-46-03,27893,WILSON COMMUNITY HEALTH CENTER RX,NLP,NLP,NLP,10,05/23/2022 12:00:00 AM
2022-05-24T05-46-03,27893,WALGREENS STORE #06927,NLP,NLP,NLP,19,05/23/2022 12:00:00 AM
2022-05-24T05-46-03,27893,WilsonValue Drug Store,NLP,NLP,NLP,33,05/16/2022 12:00:00 AM
2022-05-24T05-46-03,27893,WALGREENS STORE #06926,NLP,NLP,NLP,18,05/23/2022 12:00:00 AM
2022-05-24T05-46-03,27893,CVS Store #07335,NLP,NLP,NLP,21,05/23/2022 12:00:00 AM
2022-05-24T05-46-03,27893,WALGREENS STORE #19254,NLP,NLP,NLP,19,05/23/2022 12:00:00 AM
2022-05-24T05-46-03,27893,W C ROSE DRUG STORE DBA THOMAS DRUG,NLP,NLP,NLP,48,05/20/2022 12:00:00 AM
2022-05-24T05-46-03,27893,Walmart Pharmacy #1664,NLP,NLP,NLP,20,05/23/2022 12:00:00 AM
2022-05-24T05-46-03,27893,Walmart Pharmacy #4545,NLP,NLP,NLP,18,05/23/2022 12:00:00 AM
2022-05-24T05-46-03,27893,WILSON COMMUNITY HEALTH CENTER RX,NLP,NLP,NLP,10,05/23/2022 12:00:00 AM
2022-05-24T05-46-03,27893,WALGREENS STORE #06927,NLP,NLP,NLP,19,05/23/2022 12:00:00 AM
2022-05-24T05-46-03,27893,WilsonValue Drug Store,NLP,NLP,NLP,33,05/16/2022 12:00:00 AM
2022-05-24T05-46-03,27893,WALGREENS STORE #06926,NLP,NLP,NLP,18,05/23/2022 12:00:00 AM
2022-05-24T05-46-03,27893,CVS Store #07335,NLP,NLP,NLP,21,05/23/2022 12:00:00 AM
2022-05-24T05-46-03,27893,WALGREENS STORE #19254,NLP,NLP,NLP,19,05/23/2022 12:00:00 AM
2022-05-24T05-46-03,27893,W C ROSE DRUG STORE DBA THOMAS DRUG,NLP,NLP,NLP,48,05/20/2022 12:00:00 AM
2022-05-24T05-46-03,27893,Walmart Pharmacy #1664,NLP,NLP,NLP,20,05/23/2022 12:00:00 AM
2022-05-24T05-46-03,27893,Walmart Pharmacy #4545,NLP,NLP,NLP,18,05/23/2022 12:00:00 AM
2022-05-24T05-46-03,27893,WILSON COMMUNITY HEALTH CENTER RX,NLP,NLP,NLP,10,05/23/2022 12:00:00 AM
2022-05-25T05-39-27,27893,WALGREENS STORE #06927,NLP,NLP,NLP,19,05/24/2022 12:00:00 AM
2022-05-25T05-39-27,27893,WilsonValue Drug Store,NLP,NLP,NLP,33,05/16/2022 12:00:00 AM
2022-05-25T05-39-27,27893,WALGREENS STORE #06926,NLP,NLP,NLP,18,05/24/2022 12:00:00 AM
2022-05-25T05-39-27,27893,WALGREENS STORE #19254,NLP,NLP,NLP,19,05/24/2022 12:00:00 AM
2022-05-25T05-39-27,27893,Walmart Pharmacy #1664,NLP,NLP,NLP,20,05/24/2022 12:00:00 AM
2022-05-25T05-39-27,27893,W C ROSE DRUG STORE DBA THOMAS DRUG,NLP,NLP,NLP,48,05/20/2022 12:00:00 AM
2022-05-25T05-39-27,27893,CVS Store #07335,NLP,NLP,NLP,20,05/24/2022 12:00:00 AM
2022-05-25T05-39-27,27893,WILSON COMMUNITY HEALTH CENTER RX,NLP,NLP,NLP,10,05/24/2022 12:00:00 AM
2022-05-25T05-39-27,27893,Walmart Pharmacy #4545,NLP,NLP,NLP,18,05/24/2022 12:00:00 AM
2022-05-25T05-39-27,27893,WALGREENS STORE #06927,NLP,NLP,NLP,19,05/24/2022 12:00:00 AM
2022-05-25T05-39-27,27893,WilsonValue Drug Store,NLP,NLP,NLP,33,05/16/2022 12:00:00 AM
2022-05-25T05-39-27,27893,WALGREENS STORE #06926,NLP,NLP,NLP,18,05/24/2022 12:00:00 AM
2022-05-25T05-39-27,27893,WALGREENS STORE #19254,NLP,NLP,NLP,19,05/24/2022 12:00:00 AM
2022-05-25T05-39-27,27893,Walmart Pharmacy #1664,NLP,NLP,NLP,20,05/24/2022 12:00:00 AM
2022-05-25T05-39-27,27893,W C ROSE DRUG STORE DBA THOMAS DRUG,NLP,NLP,NLP,48,05/20/2022 12:00:00 AM
2022-05-25T05-39-27,27893,CVS Store #07335,NLP,NLP,NLP,20,05/24/2022 12:00:00 AM
2022-05-25T05-39-27,27893,WILSON COMMUNITY HEALTH CENTER RX,NLP,NLP,NLP,10,05/24/2022 12:00:00 AM
2022-05-25T05-39-27,27893,Walmart Pharmacy #4545,NLP,NLP,NLP,18,05/24/2022 12:00:00 AM
2022-05-25T05-39-27,27893,WALGREENS STORE #06927,NLP,NLP,NLP,19,05/24/2022 12:00:00 AM
2022-05-25T05-39-27,27893,WilsonValue Drug Store,NLP,NLP,NLP,33,05/16/2022 12:00:00 AM
2022-05-25T05-39-27,27893,WALGREENS STORE #06926,NLP,NLP,NLP,18,05/24/2022 12:00:00 AM
2022-05-25T05-39-27,27893,WALGREENS STORE #19254,NLP,NLP,NLP,19,05/24/2022 12:00:00 AM
2022-05-25T05-39-27,27893,Walmart Pharmacy #1664,NLP,NLP,NLP,20,05/24/2022 12:00:00 AM
2022-05-25T05-39-27,27893,W C ROSE DRUG STORE DBA THOMAS DRUG,NLP,NLP,NLP,48,05/20/2022 12:00:00 AM
2022-05-25T05-39-27,27893,CVS Store #07335,NLP,NLP,NLP,20,05/24/2022 12:00:00 AM
2022-05-25T05-39-27,27893,WILSON COMMUNITY HEALTH CENTER RX,NLP,NLP,NLP,10,05/24/2022 12:00:00 AM
2022-05-25T05-39-27,27893,Walmart Pharmacy #4545,NLP,NLP,NLP,18,05/24/2022 12:00:00 AM
2022-05-25T05-39-27,27893,WALGREENS STORE #06927,NLP,NLP,NLP,19,05/24/2022 12:00:00 AM
2022-05-25T05-39-27,27893,WilsonValue Drug Store,NLP,NLP,NLP,33,05/16/2022 12:00:00 AM
2022-05-25T05-39-27,27893,WALGREENS STORE #06926,NLP,NLP,NLP,18,05/24/2022 12:00:00 AM
2022-05-25T05-39-27,27893,WALGREENS STORE #19254,NLP,NLP,NLP,19,05/24/2022 12:00:00 AM
2022-05-25T05-39-27,27893,Walmart Pharmacy #1664,NLP,NLP,NLP,20,05/24/2022 12:00:00 AM
2022-05-25T05-39-27,27893,W C ROSE DRUG STORE DBA THOMAS DRUG,NLP,NLP,NLP,48,05/20/2022 12:00:00 AM
2022-05-25T05-39-27,27893,CVS Store #07335,NLP,NLP,NLP,20,05/24/2022 12:00:00 AM
2022-05-25T05-39-27,27893,WILSON COMMUNITY HEALTH CENTER RX,NLP,NLP,NLP,10,05/24/2022 12:00:00 AM
2022-05-25T05-39-27,27893,Walmart Pharmacy #4545,NLP,NLP,NLP,18,05/24/2022 12:00:00 AM
2022-05-25T05-39-27,27893,WALGREENS STORE #06927,NLP,NLP,NLP,19,05/24/2022 12:00:00 AM
2022-05-25T05-39-27,27893,WilsonValue Drug Store,NLP,NLP,NLP,33,05/16/2022 12:00:00 AM
2022-05-25T05-39-27,27893,WALGREENS STORE #06926,NLP,NLP,NLP,18,05/24/2022 12:00:00 AM
2022-05-25T05-39-27,27893,WALGREENS STORE #19254,NLP,NLP,NLP,19,05/24/2022 12:00:00 AM
2022-05-25T05-39-27,27893,Walmart Pharmacy #1664,NLP,NLP,NLP,20,05/24/2022 12:00:00 AM
2022-05-25T05-39-27,27893,W C ROSE DRUG STORE DBA THOMAS DRUG,NLP,NLP,NLP,48,05/20/2022 12:00:00 AM
2022-05-25T05-39-27,27893,CVS Store #07335,NLP,NLP,NLP,20,05/24/2022 12:00:00 AM
2022-05-25T05-39-27,27893,WILSON COMMUNITY HEALTH CENTER RX,NLP,NLP,NLP,10,05/24/2022 12:00:00 AM
2022-05-25T05-39-27,27893,Walmart Pharmacy #4545,NLP,NLP,NLP,18,05/24/2022 12:00:00 AM
2022-05-25T05-39-27,27893,WALGREENS STORE #06927,NLP,NLP,NLP,19,05/24/2022 12:00:00 AM
2022-05-25T05-39-27,27893,WilsonValue Drug Store,NLP,NLP,NLP,33,05/16/2022 12:00:00 AM
2022-05-25T05-39-27,27893,WALGREENS STORE #06926,NLP,NLP,NLP,18,05/24/2022 12:00:00 AM
2022-05-25T05-39-27,27893,WALGREENS STORE #19254,NLP,NLP,NLP,19,05/24/2022 12:00:00 AM
2022-05-25T05-39-27,27893,Walmart Pharmacy #1664,NLP,NLP,NLP,20,05/24/2022 12:00:00 AM
2022-05-25T05-39-27,27893,W C ROSE DRUG STORE DBA THOMAS DRUG,NLP,NLP,NLP,48,05/20/2022 12:00:00 AM
2022-05-25T05-39-27,27893,CVS Store #07335,NLP,NLP,NLP,20,05/24/2022 12:00:00 AM
2022-05-25T05-39-27,27893,WILSON COMMUNITY HEALTH CENTER RX,NLP,NLP,NLP,10,05/24/2022 12:00:00 AM
2022-05-25T05-39-27,27893,Walmart Pharmacy #4545,NLP,NLP,NLP,18,05/24/2022 12:00:00 AM
2022-05-25T05-39-27,27893,WALGREENS STORE #06927,NLP,NLP,NLP,19,05/24/2022 12:00:00 AM
2022-05-25T05-39-27,27893,WilsonValue Drug Store,NLP,NLP,NLP,33,05/16/2022 12:00:00 AM
2022-05-25T05-39-27,27893,WALGREENS STORE #06926,NLP,NLP,NLP,18,05/24/2022 12:00:00 AM
2022-05-25T05-39-27,27893,WALGREENS STORE #19254,NLP,NLP,NLP,19,05/24/2022 12:00:00 AM
2022-05-25T05-39-27,27893,Walmart Pharmacy #1664,NLP,NLP,NLP,20,05/24/2022 12:00:00 AM
2022-05-25T05-39-27,27893,W C ROSE DRUG STORE DBA THOMAS DRUG,NLP,NLP,NLP,48,05/20/2022 12:00:00 AM
2022-05-25T05-39-27,27893,CVS Store #07335,NLP,NLP,NLP,20,05/24/2022 12:00:00 AM
2022-05-25T05-39-27,27893,WILSON COMMUNITY HEALTH CENTER RX,NLP,NLP,NLP,10,05/24/2022 12:00:00 AM
2022-05-25T05-39-27,27893,Walmart Pharmacy #4545,NLP,NLP,NLP,18,05/24/2022 12:00:00 AM
2022-05-25T05-39-27,27893,WALGREENS STORE #06927,NLP,NLP,NLP,19,05/24/2022 12:00:00 AM
2022-05-25T05-39-27,27893,WilsonValue Drug Store,NLP,NLP,NLP,33,05/16/2022 12:00:00 AM
2022-05-25T05-39-27,27893,WALGREENS STORE #06926,NLP,NLP,NLP,18,05/24/2022 12:00:00 AM
2022-05-25T05-39-27,27893,WALGREENS STORE #19254,NLP,NLP,NLP,19,05/24/2022 12:00:00 AM
2022-05-25T05-39-27,27893,Walmart Pharmacy #1664,NLP,NLP,NLP,20,05/24/2022 12:00:00 AM
2022-05-25T05-39-27,27893,W C ROSE DRUG STORE DBA THOMAS DRUG,NLP,NLP,NLP,48,05/20/2022 12:00:00 AM
2022-05-25T05-39-27,27893,CVS Store #07335,NLP,NLP,NLP,20,05/24/2022 12:00:00 AM
2022-05-25T05-39-27,27893,WILSON COMMUNITY HEALTH CENTER RX,NLP,NLP,NLP,10,05/24/2022 12:00:00 AM
2022-05-25T05-39-27,27893,Walmart Pharmacy #4545,NLP,NLP,NLP,18,05/24/2022 12:00:00 AM
2022-05-25T05-39-27,27893,WALGREENS STORE #06927,NLP,NLP,NLP,19,05/24/2022 12:00:00 AM
2022-05-25T05-39-27,27893,WilsonValue Drug Store,NLP,NLP,NLP,33,05/16/2022 12:00:00 AM
2022-05-25T05-39-27,27893,WALGREENS STORE #06926,NLP,NLP,NLP,18,05/24/2022 12:00:00 AM
2022-05-25T05-39-27,27893,WALGREENS STORE #19254,NLP,NLP,NLP,19,05/24/2022 12:00:00 AM
2022-05-25T05-39-27,27893,Walmart Pharmacy #1664,NLP,NLP,NLP,20,05/24/2022 12:00:00 AM
2022-05-25T05-39-27,27893,W C ROSE DRUG STORE DBA THOMAS DRUG,NLP,NLP,NLP,48,05/20/2022 12:00:00 AM
2022-05-25T05-39-27,27893,CVS Store #07335,NLP,NLP,NLP,20,05/24/2022 12:00:00 AM
2022-05-25T05-39-27,27893,WILSON COMMUNITY HEALTH CENTER RX,NLP,NLP,NLP,10,05/24/2022 12:00:00 AM
2022-05-25T05-39-27,27893,Walmart Pharmacy #4545,NLP,NLP,NLP,18,05/24/2022 12:00:00 AM
2022-05-25T05-39-27,27893,WALGREENS STORE #06927,NLP,NLP,NLP,19,05/24/2022 12:00:00 AM
2022-05-25T05-39-27,27893,WilsonValue Drug Store,NLP,NLP,NLP,33,05/16/2022 12:00:00 AM
2022-05-25T05-39-27,27893,WALGREENS STORE #06926,NLP,NLP,NLP,18,05/24/2022 12:00:00 AM
2022-05-25T05-39-27,27893,WALGREENS STORE #19254,NLP,NLP,NLP,19,05/24/2022 12:00:00 AM
2022-05-25T05-39-27,27893,Walmart Pharmacy #1664,NLP,NLP,NLP,20,05/24/2022 12:00:00 AM
2022-05-25T05-39-27,27893,W C ROSE DRUG STORE DBA THOMAS DRUG,NLP,NLP,NLP,48,05/20/2022 12:00:00 AM
2022-05-25T05-39-27,27893,CVS Store #07335,NLP,NLP,NLP,20,05/24/2022 12:00:00 AM
2022-05-25T05-39-27,27893,WILSON COMMUNITY HEALTH CENTER RX,NLP,NLP,NLP,10,05/24/2022 12:00:00 AM
2022-05-25T05-39-27,27893,Walmart Pharmacy #4545,NLP,NLP,NLP,18,05/24/2022 12:00:00 AM
2022-05-25T05-39-27,27893,WALGREENS STORE #06927,NLP,NLP,NLP,19,05/24/2022 12:00:00 AM
2022-05-25T05-39-27,27893,WilsonValue Drug Store,NLP,NLP,NLP,33,05/16/2022 12:00:00 AM
2022-05-25T05-39-27,27893,WALGREENS STORE #06926,NLP,NLP,NLP,18,05/24/2022 12:00:00 AM
2022-05-25T05-39-27,27893,WALGREENS STORE #19254,NLP,NLP,NLP,19,05/24/2022 12:00:00 AM
2022-05-25T05-39-27,27893,Walmart Pharmacy #1664,NLP,NLP,NLP,20,05/24/2022 12:00:00 AM
2022-05-25T05-39-27,27893,W C ROSE DRUG STORE DBA THOMAS DRUG,NLP,NLP,NLP,48,05/20/2022 12:00:00 AM
2022-05-25T05-39-27,27893,CVS Store #07335,NLP,NLP,NLP,20,05/24/2022 12:00:00 AM
2022-05-25T05-39-27,27893,WILSON COMMUNITY HEALTH CENTER RX,NLP,NLP,NLP,10,05/24/2022 12:00:00 AM
2022-05-25T05-39-27,27893,Walmart Pharmacy #4545,NLP,NLP,NLP,18,05/24/2022 12:00:00 AM
2022-05-25T05-39-27,27893,WALGREENS STORE #06927,NLP,NLP,NLP,19,05/24/2022 12:00:00 AM
2022-05-25T05-39-27,27893,WilsonValue Drug Store,NLP,NLP,NLP,33,05/16/2022 12:00:00 AM
2022-05-25T05-39-27,27893,WALGREENS STORE #06926,NLP,NLP,NLP,18,05/24/2022 12:00:00 AM
2022-05-25T05-39-27,27893,WALGREENS STORE #19254,NLP,NLP,NLP,19,05/24/2022 12:00:00 AM
2022-05-25T05-39-27,27893,Walmart Pharmacy #1664,NLP,NLP,NLP,20,05/24/2022 12:00:00 AM
2022-05-25T05-39-27,27893,W C ROSE DRUG STORE DBA THOMAS DRUG,NLP,NLP,NLP,48,05/20/2022 12:00:00 AM
2022-05-25T05-39-27,27893,CVS Store #07335,NLP,NLP,NLP,20,05/24/2022 12:00:00 AM
2022-05-25T05-39-27,27893,WILSON COMMUNITY HEALTH CENTER RX,NLP,NLP,NLP,10,05/24/2022 12:00:00 AM
2022-05-25T05-39-27,27893,Walmart Pharmacy #4545,NLP,NLP,NLP,18,05/24/2022 12:00:00 AM
2022-05-25T05-39-27,27893,WALGREENS STORE #06927,NLP,NLP,NLP,19,05/24/2022 12:00:00 AM
2022-05-25T05-39-27,27893,WilsonValue Drug Store,NLP,NLP,NLP,33,05/16/2022 12:00:00 AM
2022-05-25T05-39-27,27893,WALGREENS STORE #06926,NLP,NLP,NLP,18,05/24/2022 12:00:00 AM
2022-05-25T05-39-27,27893,WALGREENS STORE #19254,NLP,NLP,NLP,19,05/24/2022 12:00:00 AM
2022-05-25T05-39-27,27893,Walmart Pharmacy #1664,NLP,NLP,NLP,20,05/24/2022 12:00:00 AM
2022-05-25T05-39-27,27893,W C ROSE DRUG STORE DBA THOMAS DRUG,NLP,NLP,NLP,48,05/20/2022 12:00:00 AM
2022-05-25T05-39-27,27893,CVS Store #07335,NLP,NLP,NLP,20,05/24/2022 12:00:00 AM
2022-05-25T05-39-27,27893,WILSON COMMUNITY HEALTH CENTER RX,NLP,NLP,NLP,10,05/24/2022 12:00:00 AM
2022-05-25T05-39-27,27893,Walmart Pharmacy #4545,NLP,NLP,NLP,18,05/24/2022 12:00:00 AM
2022-05-25T05-39-27,27893,WALGREENS STORE #06927,NLP,NLP,NLP,19,05/24/2022 12:00:00 AM
2022-05-25T05-39-27,27893,WilsonValue Drug Store,NLP,NLP,NLP,33,05/16/2022 12:00:00 AM
2022-05-25T05-39-27,27893,WALGREENS STORE #06926,NLP,NLP,NLP,18,05/24/2022 12:00:00 AM
2022-05-25T05-39-27,27893,WALGREENS STORE #19254,NLP,NLP,NLP,19,05/24/2022 12:00:00 AM
2022-05-25T05-39-27,27893,Walmart Pharmacy #1664,NLP,NLP,NLP,20,05/24/2022 12:00:00 AM
2022-05-25T05-39-27,27893,W C ROSE DRUG STORE DBA THOMAS DRUG,NLP,NLP,NLP,48,05/20/2022 12:00:00 AM
2022-05-25T05-39-27,27893,CVS Store #07335,NLP,NLP,NLP,20,05/24/2022 12:00:00 AM
2022-05-25T05-39-27,27893,WILSON COMMUNITY HEALTH CENTER RX,NLP,NLP,NLP,10,05/24/2022 12:00:00 AM
2022-05-25T05-39-27,27893,Walmart Pharmacy #4545,NLP,NLP,NLP,18,05/24/2022 12:00:00 AM
2022-05-25T05-39-27,27893,WALGREENS STORE #06927,NLP,NLP,NLP,19,05/24/2022 12:00:00 AM
2022-05-25T05-39-27,27893,WilsonValue Drug Store,NLP,NLP,NLP,33,05/16/2022 12:00:00 AM
2022-05-25T05-39-27,27893,WALGREENS STORE #06926,NLP,NLP,NLP,18,05/24/2022 12:00:00 AM
2022-05-25T05-39-27,27893,WALGREENS STORE #19254,NLP,NLP,NLP,19,05/24/2022 12:00:00 AM
2022-05-25T05-39-27,27893,Walmart Pharmacy #1664,NLP,NLP,NLP,20,05/24/2022 12:00:00 AM
2022-05-25T05-39-27,27893,W C ROSE DRUG STORE DBA THOMAS DRUG,NLP,NLP,NLP,48,05/20/2022 12:00:00 AM
2022-05-25T05-39-27,27893,CVS Store #07335,NLP,NLP,NLP,20,05/24/2022 12:00:00 AM
2022-05-25T05-39-27,27893,WILSON COMMUNITY HEALTH CENTER RX,NLP,NLP,NLP,10,05/24/2022 12:00:00 AM
2022-05-25T05-39-27,27893,Walmart Pharmacy #4545,NLP,NLP,NLP,18,05/24/2022 12:00:00 AM
2022-05-25T05-39-27,27893,WALGREENS STORE #06927,NLP,NLP,NLP,19,05/24/2022 12:00:00 AM
2022-05-25T05-39-27,27893,WilsonValue Drug Store,NLP,NLP,NLP,33,05/16/2022 12:00:00 AM
2022-05-25T05-39-27,27893,WALGREENS STORE #06926,NLP,NLP,NLP,18,05/24/2022 12:00:00 AM
2022-05-25T05-39-27,27893,WALGREENS STORE #19254,NLP,NLP,NLP,19,05/24/2022 12:00:00 AM
2022-05-25T05-39-27,27893,Walmart Pharmacy #1664,NLP,NLP,NLP,20,05/24/2022 12:00:00 AM
2022-05-25T05-39-27,27893,W C ROSE DRUG STORE DBA THOMAS DRUG,NLP,NLP,NLP,48,05/20/2022 12:00:00 AM
2022-05-25T05-39-27,27893,CVS Store #07335,NLP,NLP,NLP,20,05/24/2022 12:00:00 AM
2022-05-25T05-39-27,27893,WILSON COMMUNITY HEALTH CENTER RX,NLP,NLP,NLP,10,05/24/2022 12:00:00 AM
2022-05-25T05-39-27,27893,Walmart Pharmacy #4545,NLP,NLP,NLP,18,05/24/2022 12:00:00 AM
2022-05-25T05-39-27,27893,WALGREENS STORE #06927,NLP,NLP,NLP,19,05/24/2022 12:00:00 AM
2022-05-25T05-39-27,27893,WilsonValue Drug Store,NLP,NLP,NLP,33,05/16/2022 12:00:00 AM
2022-05-25T05-39-27,27893,WALGREENS STORE #06926,NLP,NLP,NLP,18,05/24/2022 12:00:00 AM
2022-05-25T05-39-27,27893,WALGREENS STORE #19254,NLP,NLP,NLP,19,05/24/2022 12:00:00 AM
2022-05-25T05-39-27,27893,Walmart Pharmacy #1664,NLP,NLP,NLP,20,05/24/2022 12:00:00 AM
2022-05-25T05-39-27,27893,W C ROSE DRUG STORE DBA THOMAS DRUG,NLP,NLP,NLP,48,05/20/2022 12:00:00 AM
2022-05-25T05-39-27,27893,CVS Store #07335,NLP,NLP,NLP,20,05/24/2022 12:00:00 AM
2022-05-25T05-39-27,27893,WILSON COMMUNITY HEALTH CENTER RX,NLP,NLP,NLP,10,05/24/2022 12:00:00 AM
2022-05-25T05-39-27,27893,Walmart Pharmacy #4545,NLP,NLP,NLP,18,05/24/2022 12:00:00 AM
2022-05-25T05-39-27,27893,WALGREENS STORE #06927,NLP,NLP,NLP,19,05/24/2022 12:00:00 AM
2022-05-25T05-39-27,27893,WilsonValue Drug Store,NLP,NLP,NLP,33,05/16/2022 12:00:00 AM
2022-05-25T05-39-27,27893,WALGREENS STORE #06926,NLP,NLP,NLP,18,05/24/2022 12:00:00 AM
2022-05-25T05-39-27,27893,WALGREENS STORE #19254,NLP,NLP,NLP,19,05/24/2022 12:00:00 AM
2022-05-25T05-39-27,27893,Walmart Pharmacy #1664,NLP,NLP,NLP,20,05/24/2022 12:00:00 AM
2022-05-25T05-39-27,27893,W C ROSE DRUG STORE DBA THOMAS DRUG,NLP,NLP,NLP,48,05/20/2022 12:00:00 AM
2022-05-25T05-39-27,27893,CVS Store #07335,NLP,NLP,NLP,20,05/24/2022 12:00:00 AM
2022-05-25T05-39-27,27893,WILSON COMMUNITY HEALTH CENTER RX,NLP,NLP,NLP,10,05/24/2022 12:00:00 AM
2022-05-25T05-39-27,27893,Walmart Pharmacy #4545,NLP,NLP,NLP,18,05/24/2022 12:00:00 AM
2022-05-25T05-39-27,27893,WALGREENS STORE #06927,NLP,NLP,NLP,19,05/24/2022 12:00:00 AM
2022-05-25T05-39-27,27893,WilsonValue Drug Store,NLP,NLP,NLP,33,05/16/2022 12:00:00 AM
2022-05-25T05-39-27,27893,WALGREENS STORE #06926,NLP,NLP,NLP,18,05/24/2022 12:00:00 AM
2022-05-25T05-39-27,27893,WALGREENS STORE #19254,NLP,NLP,NLP,19,05/24/2022 12:00:00 AM
2022-05-25T05-39-27,27893,Walmart Pharmacy #1664,NLP,NLP,NLP,20,05/24/2022 12:00:00 AM
2022-05-25T05-39-27,27893,W C ROSE DRUG STORE DBA THOMAS DRUG,NLP,NLP,NLP,48,05/20/2022 12:00:00 AM
2022-05-25T05-39-27,27893,CVS Store #07335,NLP,NLP,NLP,20,05/24/2022 12:00:00 AM
2022-05-25T05-39-27,27893,WILSON COMMUNITY HEALTH CENTER RX,NLP,NLP,NLP,10,05/24/2022 12:00:00 AM
2022-05-25T05-39-27,27893,Walmart Pharmacy #4545,NLP,NLP,NLP,18,05/24/2022 12:00:00 AM
2022-05-25T05-39-27,27893,WALGREENS STORE #06927,NLP,NLP,NLP,19,05/24/2022 12:00:00 AM
2022-05-25T05-39-27,27893,WilsonValue Drug Store,NLP,NLP,NLP,33,05/16/2022 12:00:00 AM
2022-05-25T05-39-27,27893,WALGREENS STORE #06926,NLP,NLP,NLP,18,05/24/2022 12:00:00 AM
2022-05-25T05-39-27,27893,WALGREENS STORE #19254,NLP,NLP,NLP,19,05/24/2022 12:00:00 AM
2022-05-25T05-39-27,27893,Walmart Pharmacy #1664,NLP,NLP,NLP,20,05/24/2022 12:00:00 AM
2022-05-25T05-39-27,27893,W C ROSE DRUG STORE DBA THOMAS DRUG,NLP,NLP,NLP,48,05/20/2022 12:00:00 AM
2022-05-25T05-39-27,27893,CVS Store #07335,NLP,NLP,NLP,20,05/24/2022 12:00:00 AM
2022-05-25T05-39-27,27893,WILSON COMMUNITY HEALTH CENTER RX,NLP,NLP,NLP,10,05/24/2022 12:00:00 AM
2022-05-25T05-39-27,27893,Walmart Pharmacy #4545,NLP,NLP,NLP,18,05/24/2022 12:00:00 AM
2022-05-25T05-39-27,27893,WALGREENS STORE #06927,NLP,NLP,NLP,19,05/24/2022 12:00:00 AM
2022-05-25T05-39-27,27893,WilsonValue Drug Store,NLP,NLP,NLP,33,05/16/2022 12:00:00 AM
2022-05-25T05-39-27,27893,WALGREENS STORE #06926,NLP,NLP,NLP,18,05/24/2022 12:00:00 AM
2022-05-25T05-39-27,27893,WALGREENS STORE #19254,NLP,NLP,NLP,19,05/24/2022 12:00:00 AM
2022-05-25T05-39-27,27893,Walmart Pharmacy #1664,NLP,NLP,NLP,20,05/24/2022 12:00:00 AM
2022-05-25T05-39-27,27893,W C ROSE DRUG STORE DBA THOMAS DRUG,NLP,NLP,NLP,48,05/20/2022 12:00:00 AM
2022-05-25T05-39-27,27893,CVS Store #07335,NLP,NLP,NLP,20,05/24/2022 12:00:00 AM
2022-05-25T05-39-27,27893,WILSON COMMUNITY HEALTH CENTER RX,NLP,NLP,NLP,10,05/24/2022 12:00:00 AM
2022-05-25T05-39-27,27893,Walmart Pharmacy #4545,NLP,NLP,NLP,18,05/24/2022 12:00:00 AM
2022-05-25T05-39-27,27893,WALGREENS STORE #06927,NLP,NLP,NLP,19,05/24/2022 12:00:00 AM
2022-05-25T05-39-27,27893,WilsonValue Drug Store,NLP,NLP,NLP,33,05/16/2022 12:00:00 AM
2022-05-25T05-39-27,27893,WALGREENS STORE #06926,NLP,NLP,NLP,18,05/24/2022 12:00:00 AM
2022-05-25T05-39-27,27893,WALGREENS STORE #19254,NLP,NLP,NLP,19,05/24/2022 12:00:00 AM
2022-05-25T05-39-27,27893,Walmart Pharmacy #1664,NLP,NLP,NLP,20,05/24/2022 12:00:00 AM
2022-05-25T05-39-27,27893,W C ROSE DRUG STORE DBA THOMAS DRUG,NLP,NLP,NLP,48,05/20/2022 12:00:00 AM
2022-05-25T05-39-27,27893,CVS Store #07335,NLP,NLP,NLP,20,05/24/2022 12:00:00 AM
2022-05-25T05-39-27,27893,WILSON COMMUNITY HEALTH CENTER RX,NLP,NLP,NLP,10,05/24/2022 12:00:00 AM
2022-05-25T05-39-27,27893,Walmart Pharmacy #4545,NLP,NLP,NLP,18,05/24/2022 12:00:00 AM
2022-05-25T05-39-27,27893,WALGREENS STORE #06927,NLP,NLP,NLP,19,05/24/2022 12:00:00 AM
2022-05-25T05-39-27,27893,WilsonValue Drug Store,NLP,NLP,NLP,33,05/16/2022 12:00:00 AM
2022-05-25T05-39-27,27893,WALGREENS STORE #06926,NLP,NLP,NLP,18,05/24/2022 12:00:00 AM
2022-05-25T05-39-27,27893,WALGREENS STORE #19254,NLP,NLP,NLP,19,05/24/2022 12:00:00 AM
2022-05-25T05-39-27,27893,Walmart Pharmacy #1664,NLP,NLP,NLP,20,05/24/2022 12:00:00 AM
2022-05-25T05-39-27,27893,W C ROSE DRUG STORE DBA THOMAS DRUG,NLP,NLP,NLP,48,05/20/2022 12:00:00 AM
2022-05-25T05-39-27,27893,CVS Store #07335,NLP,NLP,NLP,20,05/24/2022 12:00:00 AM
2022-05-25T05-39-27,27893,WILSON COMMUNITY HEALTH CENTER RX,NLP,NLP,NLP,10,05/24/2022 12:00:00 AM
2022-05-25T05-39-27,27893,Walmart Pharmacy #4545,NLP,NLP,NLP,18,05/24/2022 12:00:00 AM
2022-05-25T05-39-27,27893,WALGREENS STORE #06927,NLP,NLP,NLP,19,05/24/2022 12:00:00 AM
2022-05-25T05-39-27,27893,WilsonValue Drug Store,NLP,NLP,NLP,33,05/16/2022 12:00:00 AM
2022-05-25T05-39-27,27893,WALGREENS STORE #06926,NLP,NLP,NLP,18,05/24/2022 12:00:00 AM
2022-05-25T05-39-27,27893,WALGREENS STORE #19254,NLP,NLP,NLP,19,05/24/2022 12:00:00 AM
2022-05-25T05-39-27,27893,Walmart Pharmacy #1664,NLP,NLP,NLP,20,05/24/2022 12:00:00 AM
2022-05-25T05-39-27,27893,W C ROSE DRUG STORE DBA THOMAS DRUG,NLP,NLP,NLP,48,05/20/2022 12:00:00 AM
2022-05-25T05-39-27,27893,CVS Store #07335,NLP,NLP,NLP,20,05/24/2022 12:00:00 AM
2022-05-25T05-39-27,27893,WILSON COMMUNITY HEALTH CENTER RX,NLP,NLP,NLP,10,05/24/2022 12:00:00 AM
2022-05-25T05-39-27,27893,Walmart Pharmacy #4545,NLP,NLP,NLP,18,05/24/2022 12:00:00 AM
2022-05-25T05-39-27,27893,WALGREENS STORE #06927,NLP,NLP,NLP,19,05/24/2022 12:00:00 AM
2022-05-25T05-39-27,27893,WilsonValue Drug Store,NLP,NLP,NLP,33,05/16/2022 12:00:00 AM
2022-05-25T05-39-27,27893,WALGREENS STORE #06926,NLP,NLP,NLP,18,05/24/2022 12:00:00 AM
2022-05-25T05-39-27,27893,WALGREENS STORE #19254,NLP,NLP,NLP,19,05/24/2022 12:00:00 AM
2022-05-25T05-39-27,27893,Walmart Pharmacy #1664,NLP,NLP,NLP,20,05/24/2022 12:00:00 AM
2022-05-25T05-39-27,27893,W C ROSE DRUG STORE DBA THOMAS DRUG,NLP,NLP,NLP,48,05/20/2022 12:00:00 AM
2022-05-25T05-39-27,27893,CVS Store #07335,NLP,NLP,NLP,20,05/24/2022 12:00:00 AM
2022-05-25T05-39-27,27893,WILSON COMMUNITY HEALTH CENTER RX,NLP,NLP,NLP,10,05/24/2022 12:00:00 AM
2022-05-25T05-39-27,27893,Walmart Pharmacy #4545,NLP,NLP,NLP,18,05/24/2022 12:00:00 AM
2022-05-26T07-59-29,27893,WilsonValue Drug Store,NLP,NLP,NLP,33,05/16/2022 12:00:00 AM
2022-05-26T07-59-29,27893,WALGREENS STORE #06927,NLP,NLP,NLP,19,05/25/2022 12:00:00 AM
2022-05-26T07-59-29,27893,WALGREENS STORE #06926,NLP,NLP,NLP,18,05/25/2022 12:00:00 AM
2022-05-26T07-59-29,27893,Walmart Pharmacy #1664,NLP,NLP,NLP,19,05/25/2022 12:00:00 AM
2022-05-26T07-59-29,27893,W C ROSE DRUG STORE DBA THOMAS DRUG,NLP,NLP,NLP,48,05/20/2022 12:00:00 AM
2022-05-26T07-59-29,27893,WALGREENS STORE #19254,NLP,NLP,NLP,19,05/25/2022 12:00:00 AM
2022-05-26T07-59-29,27893,CVS Store #07335,NLP,NLP,NLP,20,05/24/2022 12:00:00 AM
2022-05-26T07-59-29,27893,WILSON COMMUNITY HEALTH CENTER RX,NLP,NLP,NLP,10,05/25/2022 12:00:00 AM
2022-05-26T07-59-29,27893,Walmart Pharmacy #4545,NLP,NLP,NLP,18,05/25/2022 12:00:00 AM
2022-05-26T07-59-29,27893,WilsonValue Drug Store,NLP,NLP,NLP,33,05/16/2022 12:00:00 AM
2022-05-26T07-59-29,27893,WALGREENS STORE #06927,NLP,NLP,NLP,19,05/25/2022 12:00:00 AM
2022-05-26T07-59-29,27893,WALGREENS STORE #06926,NLP,NLP,NLP,18,05/25/2022 12:00:00 AM
2022-05-26T07-59-29,27893,Walmart Pharmacy #1664,NLP,NLP,NLP,19,05/25/2022 12:00:00 AM
2022-05-26T07-59-29,27893,W C ROSE DRUG STORE DBA THOMAS DRUG,NLP,NLP,NLP,48,05/20/2022 12:00:00 AM
2022-05-26T07-59-29,27893,WALGREENS STORE #19254,NLP,NLP,NLP,19,05/25/2022 12:00:00 AM
2022-05-26T07-59-29,27893,CVS Store #07335,NLP,NLP,NLP,20,05/24/2022 12:00:00 AM
2022-05-26T07-59-29,27893,WILSON COMMUNITY HEALTH CENTER RX,NLP,NLP,NLP,10,05/25/2022 12:00:00 AM
2022-05-26T07-59-29,27893,Walmart Pharmacy #4545,NLP,NLP,NLP,18,05/25/2022 12:00:00 AM
2022-05-26T07-59-29,27893,WilsonValue Drug Store,NLP,NLP,NLP,33,05/16/2022 12:00:00 AM
2022-05-26T07-59-29,27893,WALGREENS STORE #06927,NLP,NLP,NLP,19,05/25/2022 12:00:00 AM
2022-05-26T07-59-29,27893,WALGREENS STORE #06926,NLP,NLP,NLP,18,05/25/2022 12:00:00 AM
2022-05-26T07-59-29,27893,Walmart Pharmacy #1664,NLP,NLP,NLP,19,05/25/2022 12:00:00 AM
2022-05-26T07-59-29,27893,W C ROSE DRUG STORE DBA THOMAS DRUG,NLP,NLP,NLP,48,05/20/2022 12:00:00 AM
2022-05-26T07-59-29,27893,WALGREENS STORE #19254,NLP,NLP,NLP,19,05/25/2022 12:00:00 AM
2022-05-26T07-59-29,27893,CVS Store #07335,NLP,NLP,NLP,20,05/24/2022 12:00:00 AM
2022-05-26T07-59-29,27893,WILSON COMMUNITY HEALTH CENTER RX,NLP,NLP,NLP,10,05/25/2022 12:00:00 AM
2022-05-26T07-59-29,27893,Walmart Pharmacy #4545,NLP,NLP,NLP,18,05/25/2022 12:00:00 AM
2022-05-27T05-48-57,27893,WilsonValue Drug Store,NLP,NLP,NLP,33,05/16/2022 12:00:00 AM
2022-05-27T05-48-57,27893,WALGREENS STORE #06927,NLP,NLP,NLP,19,05/26/2022 12:00:00 AM
2022-05-27T05-48-57,27893,WALGREENS STORE #06926,NLP,NLP,NLP,18,05/26/2022 12:00:00 AM
2022-05-27T05-48-57,27893,W C ROSE DRUG STORE DBA THOMAS DRUG,NLP,NLP,NLP,48,05/26/2022 12:00:00 AM
2022-05-27T05-48-57,27893,CVS Store #07335,NLP,NLP,NLP,20,05/26/2022 12:00:00 AM
2022-05-27T05-48-57,27893,WALGREENS STORE #19254,NLP,NLP,NLP,19,05/26/2022 12:00:00 AM
2022-05-27T05-48-57,27893,Walmart Pharmacy #1664,NLP,NLP,NLP,19,05/26/2022 12:00:00 AM
2022-05-27T05-48-57,27893,WILSON COMMUNITY HEALTH CENTER RX,NLP,NLP,NLP,10,05/26/2022 12:00:00 AM
2022-05-27T05-48-57,27893,Walmart Pharmacy #4545,NLP,NLP,NLP,18,05/26/2022 12:00:00 AM
2022-05-28T05-34-18,27893,WALGREENS STORE #06927,NLP,NLP,NLP,19,05/26/2022 12:00:00 AM
2022-05-28T05-34-18,27893,WilsonValue Drug Store,NLP,NLP,NLP,33,05/16/2022 12:00:00 AM
2022-05-28T05-34-18,27893,Walmart Pharmacy #1664,NLP,NLP,NLP,19,05/26/2022 12:00:00 AM
2022-05-28T05-34-18,27893,WALGREENS STORE #06926,NLP,NLP,NLP,18,05/26/2022 12:00:00 AM
2022-05-28T05-34-18,27893,CVS Store #07335,NLP,NLP,NLP,20,05/27/2022 12:00:00 AM
2022-05-28T05-34-18,27893,W C ROSE DRUG STORE DBA THOMAS DRUG,NLP,NLP,NLP,48,05/26/2022 12:00:00 AM
2022-05-28T05-34-18,27893,WILSON COMMUNITY HEALTH CENTER RX,NLP,NLP,NLP,10,05/27/2022 12:00:00 AM
2022-05-28T05-34-18,27893,WALGREENS STORE #19254,NLP,NLP,NLP,19,05/26/2022 12:00:00 AM
2022-05-28T05-34-18,27893,Walmart Pharmacy #4545,NLP,NLP,NLP,18,05/26/2022 12:00:00 AM
2022-05-29T05-31-58,27893,WALGREENS STORE #06927,NLP,NLP,NLP,19,05/26/2022 12:00:00 AM
2022-05-29T05-31-58,27893,WilsonValue Drug Store,NLP,NLP,NLP,33,05/16/2022 12:00:00 AM
2022-05-29T05-31-58,27893,WALGREENS STORE #06926,NLP,NLP,NLP,18,05/26/2022 12:00:00 AM
2022-05-29T05-31-58,27893,W C ROSE DRUG STORE DBA THOMAS DRUG,NLP,NLP,NLP,48,05/26/2022 12:00:00 AM
2022-05-29T05-31-58,27893,CVS Store #07335,NLP,NLP,NLP,20,05/27/2022 12:00:00 AM
2022-05-29T05-31-58,27893,Walmart Pharmacy #1664,NLP,NLP,NLP,19,05/26/2022 12:00:00 AM
2022-05-29T05-31-58,27893,WALGREENS STORE #19254,NLP,NLP,NLP,19,05/26/2022 12:00:00 AM
2022-05-29T05-31-58,27893,Walmart Pharmacy #4545,NLP,NLP,NLP,18,05/26/2022 12:00:00 AM
2022-05-29T05-31-58,27893,WILSON COMMUNITY HEALTH CENTER RX,NLP,NLP,NLP,10,05/27/2022 12:00:00 AM
2022-05-30T05-32-42,27893,WALGREENS STORE #06927,NLP,NLP,NLP,19,05/26/2022 12:00:00 AM
2022-05-30T05-32-42,27893,WilsonValue Drug Store,NLP,NLP,NLP,33,05/16/2022 12:00:00 AM
2022-05-30T05-32-42,27893,W C ROSE DRUG STORE DBA THOMAS DRUG,NLP,NLP,NLP,48,05/26/2022 12:00:00 AM
2022-05-30T05-32-42,27893,CVS Store #07335,NLP,NLP,NLP,20,05/27/2022 12:00:00 AM
2022-05-30T05-32-42,27893,WALGREENS STORE #06926,NLP,NLP,NLP,18,05/26/2022 12:00:00 AM
2022-05-30T05-32-42,27893,Walmart Pharmacy #1664,NLP,NLP,NLP,19,05/26/2022 12:00:00 AM
2022-05-30T05-32-42,27893,WALGREENS STORE #19254,NLP,NLP,NLP,19,05/26/2022 12:00:00 AM
2022-05-30T05-32-42,27893,WILSON COMMUNITY HEALTH CENTER RX,NLP,NLP,NLP,10,05/27/2022 12:00:00 AM
2022-05-30T05-32-42,27893,Walmart Pharmacy #4545,NLP,NLP,NLP,18,05/26/2022 12:00:00 AM
2022-05-31T08-56-01,27893,WALGREENS STORE #06927,NLP,NLP,NLP,19,05/26/2022 12:00:00 AM
2022-05-31T08-56-01,27893,W C ROSE DRUG STORE DBA THOMAS DRUG,NLP,NLP,NLP,48,05/26/2022 12:00:00 AM
2022-05-31T08-56-01,27893,WALGREENS STORE #06926,NLP,NLP,NLP,18,05/26/2022 12:00:00 AM
2022-05-31T08-56-01,27893,CVS Store #07335,NLP,NLP,NLP,20,05/27/2022 12:00:00 AM
2022-05-31T08-56-01,27893,Walmart Pharmacy #1664,NLP,NLP,NLP,19,05/26/2022 12:00:00 AM
2022-05-31T08-56-01,27893,WILSON COMMUNITY HEALTH CENTER RX,NLP,NLP,NLP,10,05/27/2022 12:00:00 AM
2022-05-31T08-56-01,27893,Walmart Pharmacy #4545,NLP,NLP,NLP,18,05/26/2022 12:00:00 AM
2022-05-31T08-56-01,27893,WALGREENS STORE #19254,NLP,NLP,NLP,19,05/26/2022 12:00:00 AM
2022-06-01T05-37-50,27893,WALGREENS STORE #06927,NLP,NLP,NLP,19,05/26/2022 12:00:00 AM
2022-06-01T05-37-50,27893,CVS Store #07335,NLP,NLP,NLP,19,05/31/2022 12:00:00 AM
2022-06-01T05-37-50,27893,W C ROSE DRUG STORE DBA THOMAS DRUG,NLP,NLP,NLP,48,05/26/2022 12:00:00 AM
2022-06-01T05-37-50,27893,WALGREENS STORE #06926,NLP,NLP,NLP,18,05/26/2022 12:00:00 AM
2022-06-01T05-37-50,27893,Walmart Pharmacy #1664,NLP,NLP,NLP,19,05/31/2022 12:00:00 AM
2022-06-01T05-37-50,27893,WILSON COMMUNITY HEALTH CENTER RX,NLP,NLP,NLP,10,05/31/2022 12:00:00 AM
2022-06-01T05-37-50,27893,Walmart Pharmacy #4545,NLP,NLP,NLP,18,05/31/2022 12:00:00 AM
2022-06-01T05-37-50,27893,WALGREENS STORE #19254,NLP,NLP,NLP,19,05/26/2022 12:00:00 AM
2022-06-02T07-54-10,27893,WALGREENS STORE #06927,NLP,NLP,NLP,19,06/01/2022 12:00:00 AM
2022-06-02T07-54-10,27893,W C ROSE DRUG STORE DBA THOMAS DRUG,NLP,NLP,NLP,48,05/26/2022 12:00:00 AM
2022-06-02T07-54-10,27893,WALGREENS STORE #06926,NLP,NLP,NLP,15,06/01/2022 12:00:00 AM
2022-06-02T07-54-10,27893,WILSON COMMUNITY HEALTH CENTER RX,NLP,NLP,NLP,10,06/01/2022 12:00:00 AM
2022-06-02T07-54-10,27893,Walmart Pharmacy #4545,NLP,NLP,NLP,18,06/01/2022 12:00:00 AM
2022-06-02T07-54-10,27893,Walmart Pharmacy #1664,NLP,NLP,NLP,19,06/01/2022 12:00:00 AM
2022-06-02T07-54-10,27893,CVS Store #07335,NLP,NLP,NLP,19,05/31/2022 12:00:00 AM
2022-06-02T07-54-10,27893,WALGREENS STORE #19254,NLP,NLP,NLP,19,06/01/2022 12:00:00 AM
2022-06-03T08-50-11,27893,WALGREENS STORE #06927,NLP,NLP,NLP,19,06/01/2022 12:00:00 AM
2022-06-03T08-50-11,27893,W C ROSE DRUG STORE DBA THOMAS DRUG,NLP,NLP,NLP,48,05/26/2022 12:00:00 AM
2022-06-03T08-50-11,27893,WALGREENS STORE #06926,NLP,NLP,NLP,15,06/01/2022 12:00:00 AM
2022-06-03T08-50-11,27893,WILSON COMMUNITY HEALTH CENTER RX,NLP,NLP,NLP,10,06/01/2022 12:00:00 AM
2022-06-03T08-50-11,27893,Walmart Pharmacy #4545,NLP,NLP,NLP,18,06/01/2022 12:00:00 AM
2022-06-03T08-50-11,27893,Walmart Pharmacy #1664,NLP,NLP,NLP,19,06/01/2022 12:00:00 AM
2022-06-03T08-50-11,27893,CVS Store #07335,NLP,NLP,NLP,19,05/31/2022 12:00:00 AM
2022-06-03T08-50-11,27893,WALGREENS STORE #19254,NLP,NLP,NLP,19,06/01/2022 12:00:00 AM
2022-06-04T19-11-08,27893,CVS Store #07335,NLP,NLP,NLP,18,06/03/2022 12:00:00 AM
2022-06-04T19-11-08,27893,WILSON COMMUNITY HEALTH CENTER RX,NLP,NLP,NLP,9,06/03/2022 12:00:00 AM
2022-06-04T19-11-08,27893,WALGREENS STORE #06927,NLP,NLP,NLP,36,06/03/2022 12:00:00 AM
2022-06-04T19-11-08,27893,Walmart Pharmacy #1664,NLP,NLP,NLP,19,06/02/2022 12:00:00 AM
2022-06-04T19-11-08,27893,W C ROSE DRUG STORE DBA THOMAS DRUG,NLP,NLP,NLP,48,05/26/2022 12:00:00 AM
2022-06-04T19-11-08,27893,WALGREENS STORE #19254,NLP,NLP,NLP,19,06/03/2022 12:00:00 AM
2022-06-04T19-11-08,27893,WALGREENS STORE #06926,NLP,NLP,NLP,30,06/03/2022 12:00:00 AM
2022-06-04T19-11-08,27893,Walmart Pharmacy #4545,NLP,NLP,NLP,18,06/02/2022 12:00:00 AM
2022-06-05T08-48-25,27893,WILSON COMMUNITY HEALTH CENTER RX,NLP,NLP,NLP,9,06/03/2022 12:00:00 AM
2022-06-05T08-48-25,27893,CVS Store #07335,NLP,NLP,NLP,18,06/03/2022 12:00:00 AM
2022-06-05T08-48-25,27893,WALGREENS STORE #06927,NLP,NLP,NLP,36,06/03/2022 12:00:00 AM
2022-06-05T08-48-25,27893,W C ROSE DRUG STORE DBA THOMAS DRUG,NLP,NLP,NLP,48,05/26/2022 12:00:00 AM
2022-06-05T08-48-25,27893,WALGREENS STORE #06926,NLP,NLP,NLP,30,06/03/2022 12:00:00 AM
2022-06-05T08-48-25,27893,WALGREENS STORE #19254,NLP,NLP,NLP,19,06/03/2022 12:00:00 AM
2022-06-05T08-48-25,27893,Walmart Pharmacy #1664,NLP,NLP,NLP,19,06/02/2022 12:00:00 AM
2022-06-05T08-48-25,27893,Walmart Pharmacy #4545,NLP,NLP,NLP,18,06/02/2022 12:00:00 AM
2022-06-06T06-32-51,27893,W C ROSE DRUG STORE DBA THOMAS DRUG,NLP,NLP,NLP,48,05/26/2022 12:00:00 AM
2022-06-06T06-32-51,27893,Walmart Pharmacy #1664,NLP,NLP,NLP,19,06/02/2022 12:00:00 AM
2022-06-06T06-32-51,27893,Walmart Pharmacy #4545,NLP,NLP,NLP,18,06/02/2022 12:00:00 AM
2022-06-06T06-32-51,27893,WALGREENS STORE #19254,NLP,NLP,NLP,19,06/03/2022 12:00:00 AM
2022-06-06T06-32-51,27893,WALGREENS STORE #06927,NLP,NLP,NLP,36,06/03/2022 12:00:00 AM
2022-06-06T06-32-51,27893,WALGREENS STORE #06926,NLP,NLP,NLP,30,06/03/2022 12:00:00 AM
2022-06-06T06-32-51,27893,WILSON COMMUNITY HEALTH CENTER RX,NLP,NLP,NLP,9,06/03/2022 12:00:00 AM
2022-06-06T06-32-51,27893,CVS Store #07335,NLP,NLP,NLP,18,06/03/2022 12:00:00 AM
2022-06-07T05-36-41,27893,WALGREENS STORE #06926,NLP,NLP,NLP,15,06/06/2022 12:00:00 AM
2022-06-07T05-36-41,27893,Walmart Pharmacy #1664,NLP,NLP,NLP,19,06/06/2022 12:00:00 AM
2022-06-07T05-36-41,27893,WALGREENS STORE #19254,NLP,NLP,NLP,19,06/06/2022 12:00:00 AM
2022-06-07T05-36-41,27893,WILSON COMMUNITY HEALTH CENTER RX,NLP,NLP,NLP,9,06/03/2022 12:00:00 AM
2022-06-07T05-36-41,27893,Walmart Pharmacy #4545,NLP,NLP,NLP,18,06/06/2022 12:00:00 AM
2022-06-07T05-36-41,27893,CVS Store #07335,NLP,NLP,NLP,18,06/06/2022 12:00:00 AM
2022-06-07T05-36-41,27893,W C ROSE DRUG STORE DBA THOMAS DRUG,NLP,NLP,NLP,48,06/06/2022 12:00:00 AM
2022-06-07T05-36-41,27893,WALGREENS STORE #06927,NLP,NLP,NLP,17,06/06/2022 12:00:00 AM
2022-06-08T05-42-02,27893,WALGREENS STORE #19254,NLP,NLP,NLP,19,06/07/2022 12:00:00 AM
2022-06-08T05-42-02,27893,WALGREENS STORE #06926,NLP,NLP,NLP,15,06/07/2022 12:00:00 AM
2022-06-08T05-42-02,27893,CVS Store #07335,NLP,NLP,NLP,18,06/07/2022 12:00:00 AM
2022-06-08T05-42-02,27893,WALGREENS STORE #06927,NLP,NLP,NLP,17,06/07/2022 12:00:00 AM
2022-06-08T05-42-02,27893,W C ROSE DRUG STORE DBA THOMAS DRUG,NLP,NLP,NLP,48,06/06/2022 12:00:00 AM
2022-06-08T05-42-02,27893,Walmart Pharmacy #4545,NLP,NLP,NLP,18,06/07/2022 12:00:00 AM
2022-06-08T05-42-02,27893,Walmart Pharmacy #1664,NLP,NLP,NLP,19,06/07/2022 12:00:00 AM
2022-06-08T05-42-02,27893,WILSON COMMUNITY HEALTH CENTER RX,NLP,NLP,NLP,9,06/07/2022 12:00:00 AM
2022-06-09T04-15-20,27893,Walmart Pharmacy #4545,NLP,NLP,NLP,18,06/07/2022 12:00:00 AM
2022-06-09T04-15-20,27893,WILSON COMMUNITY HEALTH CENTER RX,NLP,NLP,NLP,9,06/08/2022 12:00:00 AM
2022-06-09T04-15-20,27893,Walmart Pharmacy #1664,NLP,NLP,NLP,19,06/07/2022 12:00:00 AM
2022-06-09T04-15-20,27893,WALGREENS STORE #19254,NLP,NLP,NLP,19,06/07/2022 12:00:00 AM
2022-06-09T04-15-20,27893,WALGREENS STORE #06926,NLP,NLP,NLP,15,06/07/2022 12:00:00 AM
2022-06-09T04-15-20,27893,WALGREENS STORE #06927,NLP,NLP,NLP,17,06/07/2022 12:00:00 AM
2022-06-09T04-15-20,27893,CVS Store #07335,NLP,NLP,NLP,18,06/08/2022 12:00:00 AM
2022-06-09T04-15-20,27893,W C ROSE DRUG STORE DBA THOMAS DRUG,NLP,NLP,NLP,48,06/06/2022 12:00:00 AM
2022-06-10T04-15-36,27893,Walmart Pharmacy #1664,NLP,NLP,NLP,19,06/07/2022 12:00:00 AM
2022-06-10T04-15-36,27893,WALGREENS STORE #19254,NLP,NLP,NLP,19,06/09/2022 12:00:00 AM
2022-06-10T04-15-36,27893,WALGREENS STORE #06926,NLP,NLP,NLP,12,06/09/2022 12:00:00 AM
2022-06-10T04-15-36,27893,WALGREENS STORE #06927,NLP,NLP,NLP,17,06/09/2022 12:00:00 AM
2022-06-10T04-15-36,27893,W C ROSE DRUG STORE DBA THOMAS DRUG,NLP,NLP,NLP,48,06/06/2022 12:00:00 AM
2022-06-10T04-15-36,27893,CVS Store #07335,NLP,NLP,NLP,18,06/09/2022 12:00:00 AM
2022-06-10T04-15-36,27893,Walmart Pharmacy #4545,NLP,NLP,NLP,18,06/07/2022 12:00:00 AM
2022-06-10T04-15-36,27893,WILSON COMMUNITY HEALTH CENTER RX,NLP,NLP,NLP,9,06/08/2022 12:00:00 AM
2022-06-11T04-15-14,27893,WILSON COMMUNITY HEALTH CENTER RX,NLP,NLP,NLP,9,06/08/2022 12:00:00 AM
2022-06-11T04-15-14,27893,Walmart Pharmacy #4545,NLP,NLP,NLP,18,06/10/2022 12:00:00 AM
2022-06-11T04-15-14,27893,Walmart Pharmacy #1664,NLP,NLP,NLP,19,06/10/2022 12:00:00 AM
2022-06-11T04-15-14,27893,WALGREENS STORE #06926,NLP,NLP,NLP,12,06/10/2022 12:00:00 AM
2022-06-11T04-15-14,27893,WALGREENS STORE #06927,NLP,NLP,NLP,17,06/10/2022 12:00:00 AM
2022-06-11T04-15-14,27893,W C ROSE DRUG STORE DBA THOMAS DRUG,NLP,NLP,NLP,48,06/06/2022 12:00:00 AM
2022-06-11T04-15-14,27893,WALGREENS STORE #19254,NLP,NLP,NLP,19,06/10/2022 12:00:00 AM
2022-06-11T04-15-14,27893,CVS Store #07335,NLP,NLP,NLP,18,06/10/2022 12:00:00 AM
2022-06-12T04-15-15,27893,Walmart Pharmacy #4545,NLP,NLP,NLP,18,06/10/2022 12:00:00 AM
2022-06-12T04-15-15,27893,WILSON COMMUNITY HEALTH CENTER RX,NLP,NLP,NLP,9,06/08/2022 12:00:00 AM
2022-06-12T04-15-15,27893,Walmart Pharmacy #1664,NLP,NLP,NLP,19,06/10/2022 12:00:00 AM
2022-06-12T04-15-15,27893,WALGREENS STORE #06926,NLP,NLP,NLP,12,06/10/2022 12:00:00 AM
2022-06-12T04-15-15,27893,CVS Store #07335,NLP,NLP,NLP,18,06/10/2022 12:00:00 AM
2022-06-12T04-15-15,27893,WALGREENS STORE #06927,NLP,NLP,NLP,17,06/10/2022 12:00:00 AM
2022-06-12T04-15-15,27893,WALGREENS STORE #19254,NLP,NLP,NLP,19,06/10/2022 12:00:00 AM
2022-06-12T04-15-15,27893,W C ROSE DRUG STORE DBA THOMAS DRUG,NLP,NLP,NLP,48,06/06/2022 12:00:00 AM
2022-06-13T04-15-40,27893,Walmart Pharmacy #4545,NLP,NLP,NLP,18,06/10/2022 12:00:00 AM
2022-06-13T04-15-40,27893,WILSON COMMUNITY HEALTH CENTER RX,NLP,NLP,NLP,9,06/08/2022 12:00:00 AM
2022-06-13T04-15-40,27893,Walmart Pharmacy #1664,NLP,NLP,NLP,19,06/10/2022 12:00:00 AM
2022-06-13T04-15-40,27893,WALGREENS STORE #06926,NLP,NLP,NLP,12,06/10/2022 12:00:00 AM
2022-06-13T04-15-40,27893,WALGREENS STORE #19254,NLP,NLP,NLP,19,06/10/2022 12:00:00 AM
2022-06-13T04-15-40,27893,CVS Store #07335,NLP,NLP,NLP,18,06/10/2022 12:00:00 AM
2022-06-13T04-15-40,27893,W C ROSE DRUG STORE DBA THOMAS DRUG,NLP,NLP,NLP,48,06/06/2022 12:00:00 AM
2022-06-13T04-15-40,27893,WALGREENS STORE #06927,NLP,NLP,NLP,17,06/10/2022 12:00:00 AM
2022-06-14T04-15-16,27893,WALGREENS STORE #06927,NLP,NLP,NLP,17,06/13/2022 12:00:00 AM
2022-06-14T04-15-16,27893,WALGREENS STORE #19254,NLP,NLP,NLP,19,06/13/2022 12:00:00 AM
2022-06-14T04-15-16,27893,CVS Store #07335,NLP,NLP,NLP,19,06/13/2022 12:00:00 AM
2022-06-14T04-15-16,27893,WALGREENS STORE #06926,NLP,NLP,NLP,12,06/13/2022 12:00:00 AM
2022-06-14T04-15-16,27893,W C ROSE DRUG STORE DBA THOMAS DRUG,NLP,NLP,NLP,48,06/13/2022 12:00:00 AM
2022-06-14T04-15-16,27893,WILSON COMMUNITY HEALTH CENTER RX,NLP,NLP,NLP,9,06/13/2022 12:00:00 AM
2022-06-14T04-15-16,27893,Walmart Pharmacy #1664,NLP,NLP,NLP,19,06/13/2022 12:00:00 AM
2022-06-14T04-15-16,27893,Walmart Pharmacy #4545,NLP,NLP,NLP,18,06/13/2022 12:00:00 AM
2022-06-15T04-15-27,27893,WILSON COMMUNITY HEALTH CENTER RX,NLP,NLP,NLP,9,06/13/2022 12:00:00 AM
2022-06-15T04-15-27,27893,CVS Store #07335,NLP,NLP,NLP,19,06/14/2022 12:00:00 AM
2022-06-15T04-15-27,27893,W C ROSE DRUG STORE DBA THOMAS DRUG,NLP,NLP,NLP,48,06/14/2022 12:00:00 AM
2022-06-15T04-15-27,27893,WALGREENS STORE #06927,NLP,NLP,NLP,17,06/13/2022 12:00:00 AM
2022-06-15T04-15-27,27893,WALGREENS STORE #19254,NLP,NLP,NLP,19,06/13/2022 12:00:00 AM
2022-06-15T04-15-27,27893,WALGREENS STORE #06926,NLP,NLP,NLP,12,06/13/2022 12:00:00 AM
2022-06-15T04-15-27,27893,Walmart Pharmacy #1664,NLP,NLP,NLP,19,06/14/2022 12:00:00 AM
2022-06-15T04-15-27,27893,Walmart Pharmacy #4545,NLP,NLP,NLP,18,06/14/2022 12:00:00 AM
2022-06-16T04-15-45,27893,CVS Store #07335,NLP,NLP,NLP,19,06/14/2022 12:00:00 AM
2022-06-16T04-15-45,27893,W C ROSE DRUG STORE DBA THOMAS DRUG,NLP,NLP,NLP,47,06/15/2022 12:00:00 AM
2022-06-16T04-15-45,27893,WILSON COMMUNITY HEALTH CENTER RX,NLP,NLP,NLP,9,06/15/2022 12:00:00 AM
2022-06-16T04-15-45,27893,WALGREENS STORE #06927,NLP,NLP,NLP,17,06/13/2022 12:00:00 AM
2022-06-16T04-15-45,27893,Walmart Pharmacy #4545,NLP,NLP,NLP,18,06/14/2022 12:00:00 AM
2022-06-16T04-15-45,27893,Walmart Pharmacy #1664,NLP,NLP,NLP,19,06/14/2022 12:00:00 AM
2022-06-16T04-15-45,27893,WALGREENS STORE #19254,NLP,NLP,NLP,19,06/13/2022 12:00:00 AM
2022-06-16T04-15-45,27893,WALGREENS STORE #06926,NLP,NLP,NLP,12,06/13/2022 12:00:00 AM
2022-06-17T04-15-27,27893,Walmart Pharmacy #1664,NLP,NLP,NLP,19,06/16/2022 12:00:00 AM
2022-06-17T04-15-27,27893,W C ROSE DRUG STORE DBA THOMAS DRUG,NLP,NLP,NLP,47,06/16/2022 12:00:00 AM
2022-06-17T04-15-27,27893,CVS Store #07335,NLP,NLP,NLP,19,06/16/2022 12:00:00 AM
2022-06-17T04-15-27,27893,Walmart Pharmacy #4545,NLP,NLP,NLP,18,06/16/2022 12:00:00 AM
2022-06-17T04-15-27,27893,WILSON COMMUNITY HEALTH CENTER RX,NLP,NLP,NLP,9,06/16/2022 12:00:00 AM
2022-06-18T04-15-18,27893,Walmart Pharmacy #1664,NLP,NLP,NLP,19,06/17/2022 12:00:00 AM
2022-06-18T04-15-18,27893,Walmart Pharmacy #4545,NLP,NLP,NLP,18,06/17/2022 12:00:00 AM
2022-06-18T04-15-18,27893,W C ROSE DRUG STORE DBA THOMAS DRUG,NLP,NLP,NLP,47,06/17/2022 12:00:00 AM
2022-06-18T04-15-18,27893,CVS Store #07335,NLP,NLP,NLP,18,06/17/2022 12:00:00 AM
2022-06-18T04-15-18,27893,WILSON COMMUNITY HEALTH CENTER RX,NLP,NLP,NLP,9,06/17/2022 12:00:00 AM
2022-06-19T04-15-29,27893,Walmart Pharmacy #1664,NLP,NLP,NLP,19,06/17/2022 12:00:00 AM
2022-06-19T04-15-29,27893,CVS Store #07335,NLP,NLP,NLP,18,06/17/2022 12:00:00 AM
2022-06-19T04-15-29,27893,Walmart Pharmacy #4545,NLP,NLP,NLP,18,06/17/2022 12:00:00 AM
2022-06-19T04-15-29,27893,W C ROSE DRUG STORE DBA THOMAS DRUG,NLP,NLP,NLP,47,06/18/2022 12:00:00 AM
2022-06-19T04-15-29,27893,WILSON COMMUNITY HEALTH CENTER RX,NLP,NLP,NLP,9,06/17/2022 12:00:00 AM
2022-06-20T04-15-58,27893,W C ROSE DRUG STORE DBA THOMAS DRUG,NLP,NLP,NLP,47,06/18/2022 12:00:00 AM
2022-06-20T04-15-58,27893,CVS Store #07335,NLP,NLP,NLP,18,06/17/2022 12:00:00 AM
2022-06-20T04-15-58,27893,Walmart Pharmacy #1664,NLP,NLP,NLP,19,06/17/2022 12:00:00 AM
2022-06-20T04-15-58,27893,Walmart Pharmacy #4545,NLP,NLP,NLP,18,06/17/2022 12:00:00 AM
2022-06-20T04-15-58,27893,WILSON COMMUNITY HEALTH CENTER RX,NLP,NLP,NLP,9,06/17/2022 12:00:00 AM
2022-06-21T04-15-35,27893,WALGREENS STORE #06927,NLP,NLP,NLP,15,06/20/2022 12:00:00 AM
2022-06-21T04-15-35,27893,Walmart Pharmacy #1664,NLP,NLP,NLP,19,06/17/2022 12:00:00 AM
2022-06-21T04-15-35,27893,Walmart Pharmacy #4545,NLP,NLP,NLP,18,06/17/2022 12:00:00 AM
2022-06-21T04-15-35,27893,WALGREENS STORE #19254,NLP,NLP,NLP,19,06/20/2022 12:00:00 AM
2022-06-21T04-15-35,27893,CVS Store #07335,NLP,NLP,NLP,17,06/20/2022 12:00:00 AM
2022-06-21T04-15-35,27893,WALGREENS STORE #06926,NLP,NLP,NLP,11,06/20/2022 12:00:00 AM
2022-06-21T04-15-35,27893,W C ROSE DRUG STORE DBA THOMAS DRUG,NLP,NLP,NLP,47,06/18/2022 12:00:00 AM
2022-06-21T04-15-35,27893,WILSON COMMUNITY HEALTH CENTER RX,NLP,NLP,NLP,9,06/17/2022 12:00:00 AM
2022-06-22T04-15-20,27893,WILSON COMMUNITY HEALTH CENTER RX,NLP,NLP,NLP,9,06/17/2022 12:00:00 AM
2022-06-22T04-15-20,27893,Walmart Pharmacy #4545,NLP,NLP,NLP,18,06/21/2022 12:00:00 AM
2022-06-22T04-15-20,27893,Walmart Pharmacy #1664,NLP,NLP,NLP,19,06/21/2022 12:00:00 AM
2022-06-22T04-15-20,27893,WALGREENS STORE #06926,NLP,NLP,NLP,11,06/20/2022 12:00:00 AM
2022-06-22T04-15-20,27893,WALGREENS STORE #19254,NLP,NLP,NLP,19,06/20/2022 12:00:00 AM
2022-06-22T04-15-20,27893,WALGREENS STORE #06927,NLP,NLP,NLP,15,06/20/2022 12:00:00 AM
2022-06-22T04-15-20,27893,CVS Store #07335,NLP,NLP,NLP,17,06/20/2022 12:00:00 AM
2022-06-22T04-15-20,27893,W C ROSE DRUG STORE DBA THOMAS DRUG,NLP,NLP,NLP,47,06/18/2022 12:00:00 AM
2022-06-23T04-15-16,27893,WALGREENS STORE #06927,NLP,NLP,NLP,15,06/20/2022 12:00:00 AM
2022-06-23T04-15-16,27893,Walmart Pharmacy #1664,NLP,NLP,NLP,19,06/22/2022 12:00:00 AM
2022-06-23T04-15-16,27893,WALGREENS STORE #06926,NLP,NLP,NLP,11,06/20/2022 12:00:00 AM
2022-06-23T04-15-16,27893,CVS Store #07335,NLP,NLP,NLP,17,06/22/2022 12:00:00 AM
2022-06-23T04-15-16,27893,WALGREENS STORE #19254,NLP,NLP,NLP,19,06/20/2022 12:00:00 AM
2022-06-23T04-15-16,27893,W C ROSE DRUG STORE DBA THOMAS DRUG,NLP,NLP,NLP,47,06/18/2022 12:00:00 AM
2022-06-23T04-15-16,27893,WILSON COMMUNITY HEALTH CENTER RX,NLP,NLP,NLP,9,06/22/2022 12:00:00 AM
2022-06-23T04-15-16,27893,Walmart Pharmacy #4545,NLP,NLP,NLP,18,06/22/2022 12:00:00 AM
2022-06-24T04-15-26,27893,WALGREENS STORE #06927,NLP,NLP,NLP,14,06/23/2022 12:00:00 AM
2022-06-24T04-15-26,27893,Walmart Pharmacy #1664,NLP,NLP,NLP,19,06/23/2022 12:00:00 AM
2022-06-24T04-15-26,27893,W C ROSE DRUG STORE DBA THOMAS DRUG,NLP,NLP,NLP,47,06/18/2022 12:00:00 AM
2022-06-24T04-15-26,27893,CVS Store #07335,NLP,NLP,NLP,17,06/23/2022 12:00:00 AM
2022-06-24T04-15-26,27893,WALGREENS STORE #06926,NLP,NLP,NLP,11,06/23/2022 12:00:00 AM
2022-06-24T04-15-26,27893,WALGREENS STORE #19254,NLP,NLP,NLP,19,06/23/2022 12:00:00 AM
2022-06-24T04-15-26,27893,WILSON COMMUNITY HEALTH CENTER RX,NLP,NLP,NLP,9,06/23/2022 12:00:00 AM
2022-06-24T04-15-26,27893,Walmart Pharmacy #4545,NLP,NLP,NLP,18,06/23/2022 12:00:00 AM
2022-06-25T04-15-18,27893,W C ROSE DRUG STORE DBA THOMAS DRUG,NLP,NLP,NLP,47,06/18/2022 12:00:00 AM
2022-06-25T04-15-18,27893,CVS Store #07335,NLP,NLP,NLP,17,06/24/2022 12:00:00 AM
2022-06-25T04-15-18,27893,Walmart Pharmacy #1664,NLP,NLP,NLP,19,06/24/2022 12:00:00 AM
2022-06-25T04-15-18,27893,WALGREENS STORE #06927,NLP,NLP,NLP,14,06/23/2022 12:00:00 AM
2022-06-25T04-15-18,27893,WILSON COMMUNITY HEALTH CENTER RX,NLP,NLP,NLP,9,06/23/2022 12:00:00 AM
2022-06-25T04-15-18,27893,WALGREENS STORE #06926,NLP,NLP,NLP,11,06/23/2022 12:00:00 AM
2022-06-25T04-15-18,27893,WALGREENS STORE #19254,NLP,NLP,NLP,19,06/23/2022 12:00:00 AM
2022-06-25T04-15-18,27893,Walmart Pharmacy #4545,NLP,NLP,NLP,18,06/24/2022 12:00:00 AM
2022-06-26T04-15-17,27893,W C ROSE DRUG STORE DBA THOMAS DRUG,NLP,NLP,NLP,47,06/25/2022 12:00:00 AM
2022-06-26T04-15-17,27893,WALGREENS STORE #06927,NLP,NLP,NLP,14,06/23/2022 12:00:00 AM
2022-06-26T04-15-17,27893,CVS Store #07335,NLP,NLP,NLP,17,06/24/2022 12:00:00 AM
2022-06-26T04-15-17,27893,Walmart Pharmacy #1664,NLP,NLP,NLP,19,06/24/2022 12:00:00 AM
2022-06-26T04-15-17,27893,WALGREENS STORE #19254,NLP,NLP,NLP,19,06/23/2022 12:00:00 AM
2022-06-26T04-15-17,27893,WALGREENS STORE #06926,NLP,NLP,NLP,11,06/23/2022 12:00:00 AM
2022-06-26T04-15-17,27893,WILSON COMMUNITY HEALTH CENTER RX,NLP,NLP,NLP,9,06/23/2022 12:00:00 AM
2022-06-26T04-15-17,27893,Walmart Pharmacy #4545,NLP,NLP,NLP,18,06/24/2022 12:00:00 AM
2022-06-27T04-15-31,27893,CVS Store #07335,NLP,NLP,NLP,17,06/24/2022 12:00:00 AM
2022-06-27T04-15-31,27893,WALGREENS STORE #06927,NLP,NLP,NLP,14,06/23/2022 12:00:00 AM
2022-06-27T04-15-31,27893,Walmart Pharmacy #1664,NLP,NLP,NLP,19,06/24/2022 12:00:00 AM
2022-06-27T04-15-31,27893,W C ROSE DRUG STORE DBA THOMAS DRUG,NLP,NLP,NLP,47,06/25/2022 12:00:00 AM
2022-06-27T04-15-31,27893,WILSON COMMUNITY HEALTH CENTER RX,NLP,NLP,NLP,9,06/23/2022 12:00:00 AM
2022-06-27T04-15-31,27893,WALGREENS STORE #06926,NLP,NLP,NLP,11,06/23/2022 12:00:00 AM
2022-06-27T04-15-31,27893,WALGREENS STORE #19254,NLP,NLP,NLP,19,06/23/2022 12:00:00 AM
2022-06-27T04-15-31,27893,Walmart Pharmacy #4545,NLP,NLP,NLP,18,06/24/2022 12:00:00 AM
2022-06-28T04-15-44,27893,Walmart Pharmacy #4545,NLP,NLP,NLP,18,06/27/2022 12:00:00 AM
2022-06-28T04-15-44,27893,WALGREENS STORE #06926,NLP,NLP,NLP,7,06/27/2022 12:00:00 AM
2022-06-28T04-15-44,27893,WALGREENS STORE #19254,NLP,NLP,NLP,19,06/27/2022 12:00:00 AM
2022-06-28T04-15-44,27893,Walmart Pharmacy #1664,NLP,NLP,NLP,19,06/27/2022 12:00:00 AM
2022-06-28T04-15-44,27893,WALGREENS STORE #06927,NLP,NLP,NLP,13,06/27/2022 12:00:00 AM
2022-06-28T04-15-44,27893,W C ROSE DRUG STORE DBA THOMAS DRUG,NLP,NLP,NLP,47,06/25/2022 12:00:00 AM
2022-06-28T04-15-44,27893,WILSON COMMUNITY HEALTH CENTER RX,NLP,NLP,NLP,9,06/27/2022 12:00:00 AM
2022-06-28T04-15-44,27893,CVS Store #07335,NLP,NLP,NLP,16,06/27/2022 12:00:00 AM
2022-06-29T04-15-40,27893,WALGREENS STORE #19254,NLP,NLP,NLP,19,06/27/2022 12:00:00 AM
2022-06-29T04-15-40,27893,WALGREENS STORE #06926,NLP,NLP,NLP,7,06/27/2022 12:00:00 AM
2022-06-29T04-15-40,27893,CVS Store #07335,NLP,NLP,NLP,16,06/28/2022 12:00:00 AM
2022-06-29T04-15-40,27893,WALGREENS STORE #06927,NLP,NLP,NLP,13,06/27/2022 12:00:00 AM
2022-06-29T04-15-40,27893,WILSON COMMUNITY HEALTH CENTER RX,NLP,NLP,NLP,9,06/27/2022 12:00:00 AM
2022-06-29T04-15-40,27893,W C ROSE DRUG STORE DBA THOMAS DRUG,NLP,NLP,NLP,47,06/25/2022 12:00:00 AM
2022-06-29T04-15-40,27893,Walmart Pharmacy #1664,NLP,NLP,NLP,19,06/28/2022 12:00:00 AM
2022-06-29T04-15-40,27893,Walmart Pharmacy #4545,NLP,NLP,NLP,17,06/28/2022 12:00:00 AM
2022-06-30T04-15-32,27893,WILSON COMMUNITY HEALTH CENTER RX,NLP,NLP,NLP,9,06/27/2022 12:00:00 AM
2022-06-30T04-15-32,27893,W C ROSE DRUG STORE DBA THOMAS DRUG,NLP,NLP,NLP,47,06/29/2022 12:00:00 AM
2022-06-30T04-15-32,27893,CVS Store #07335,NLP,NLP,NLP,16,06/29/2022 12:00:00 AM
2022-06-30T04-15-32,27893,WALGREENS STORE #06927,NLP,NLP,NLP,13,06/27/2022 12:00:00 AM
2022-06-30T04-15-32,27893,Walmart Pharmacy #1664,NLP,NLP,NLP,18,06/29/2022 12:00:00 AM
2022-06-30T04-15-32,27893,Walmart Pharmacy #4545,NLP,NLP,NLP,17,06/29/2022 12:00:00 AM
2022-06-30T04-15-32,27893,WALGREENS STORE #19254,NLP,NLP,NLP,19,06/27/2022 12:00:00 AM
2022-06-30T04-15-32,27893,WilsonValue Drug Store,NLP,NLP,NLP,31,06/29/2022 12:00:00 AM
2022-06-30T04-15-32,27893,WALGREENS STORE #06926,NLP,NLP,NLP,7,06/27/2022 12:00:00 AM
2022-07-01T04-15-22,27893,Walmart Pharmacy #4545,NLP,NLP,NLP,17,06/30/2022 12:00:00 AM
2022-07-01T04-15-22,27893,CVS Store #07335,NLP,NLP,NLP,15,06/30/2022 12:00:00 AM
2022-07-01T04-15-22,27893,WILSON COMMUNITY HEALTH CENTER RX,NLP,NLP,NLP,9,06/30/2022 12:00:00 AM
2022-07-01T04-15-22,27893,W C ROSE DRUG STORE DBA THOMAS DRUG,NLP,NLP,NLP,47,06/30/2022 12:00:00 AM
2022-07-01T04-15-22,27893,Walmart Pharmacy #1664,NLP,NLP,NLP,18,06/30/2022 12:00:00 AM
2022-07-01T04-15-22,27893,WilsonValue Drug Store,NLP,NLP,NLP,31,06/29/2022 12:00:00 AM
2022-07-03T14-40-38,27893,WilsonValue Drug Store,NLP,NLP,NLP,29,07/01/2022 12:00:00 AM
2022-07-03T14-40-38,27893,Walmart Pharmacy #1664,NLP,NLP,NLP,18,06/30/2022 12:00:00 AM
2022-07-03T14-40-38,27893,Walmart Pharmacy #4545,NLP,NLP,NLP,17,06/30/2022 12:00:00 AM
2022-07-03T14-40-38,27893,WILSON COMMUNITY HEALTH CENTER RX,NLP,NLP,NLP,9,06/30/2022 12:00:00 AM
2022-07-03T14-40-38,27893,CVS Store #07335,NLP,NLP,NLP,15,07/01/2022 12:00:00 AM
2022-07-03T14-40-38,27893,W C ROSE DRUG STORE DBA THOMAS DRUG,NLP,NLP,NLP,47,07/01/2022 12:00:00 AM
2022-07-04T04-15-29,27893,Walmart Pharmacy #1664,NLP,NLP,NLP,18,06/30/2022 12:00:00 AM
2022-07-04T04-15-29,27893,WilsonValue Drug Store,NLP,NLP,NLP,29,07/01/2022 12:00:00 AM
2022-07-04T04-15-29,27893,W C ROSE DRUG STORE DBA THOMAS DRUG,NLP,NLP,NLP,47,07/01/2022 12:00:00 AM
2022-07-04T04-15-29,27893,CVS Store #07335,NLP,NLP,NLP,15,07/01/2022 12:00:00 AM
2022-07-04T04-15-29,27893,WILSON COMMUNITY HEALTH CENTER RX,NLP,NLP,NLP,9,06/30/2022 12:00:00 AM
2022-07-04T04-15-29,27893,Walmart Pharmacy #4545,NLP,NLP,NLP,17,06/30/2022 12:00:00 AM
2022-07-05T04-15-18,27893,WILSON COMMUNITY HEALTH CENTER RX,NLP,NLP,NLP,9,06/30/2022 12:00:00 AM
2022-07-05T04-15-18,27893,CVS Store #07335,NLP,NLP,NLP,15,07/01/2022 12:00:00 AM
2022-07-05T04-15-18,27893,W C ROSE DRUG STORE DBA THOMAS DRUG,NLP,NLP,NLP,47,07/01/2022 12:00:00 AM
2022-07-05T04-15-18,27893,Walmart Pharmacy #4545,NLP,NLP,NLP,17,06/30/2022 12:00:00 AM
2022-07-05T04-15-18,27893,Walmart Pharmacy #1664,NLP,NLP,NLP,18,06/30/2022 12:00:00 AM
2022-07-05T04-15-18,27893,WilsonValue Drug Store,NLP,NLP,NLP,29,07/01/2022 12:00:00 AM
2022-07-06T04-15-19,27893,Walmart Pharmacy #4545,NLP,NLP,NLP,17,06/30/2022 12:00:00 AM
2022-07-06T04-15-19,27893,Walmart Pharmacy #1664,NLP,NLP,NLP,18,06/30/2022 12:00:00 AM
2022-07-06T04-15-19,27893,CVS Store #07335,NLP,NLP,NLP,14,07/05/2022 12:00:00 AM
2022-07-06T04-15-19,27893,WilsonValue Drug Store,NLP,NLP,NLP,29,07/01/2022 12:00:00 AM
2022-07-06T04-15-19,27893,W C ROSE DRUG STORE DBA THOMAS DRUG,NLP,NLP,NLP,47,07/01/2022 12:00:00 AM
2022-07-06T04-15-19,27893,WILSON COMMUNITY HEALTH CENTER RX,NLP,NLP,NLP,9,07/05/2022 12:00:00 AM
2022-07-07T04-15-17,27893,Walmart Pharmacy #4545,NLP,NLP,NLP,16,07/06/2022 12:00:00 AM
2022-07-07T04-15-17,27893,WILSON COMMUNITY HEALTH CENTER RX,NLP,NLP,NLP,9,07/05/2022 12:00:00 AM
2022-07-07T04-15-17,27893,W C ROSE DRUG STORE DBA THOMAS DRUG,NLP,NLP,NLP,47,07/01/2022 12:00:00 AM
2022-07-07T04-15-17,27893,CVS Store #07335,NLP,NLP,NLP,10,07/06/2022 12:00:00 AM
2022-07-07T04-15-17,27893,Walmart Pharmacy #1664,NLP,NLP,NLP,16,07/06/2022 12:00:00 AM
2022-07-07T04-15-17,27893,WilsonValue Drug Store,NLP,NLP,NLP,29,07/01/2022 12:00:00 AM
2022-07-07T13-15-18,27893,Walmart Pharmacy #4545,NLP,NLP,NLP,16,07/06/2022 12:00:00 AM
2022-07-07T13-15-18,27893,WILSON COMMUNITY HEALTH CENTER RX,NLP,NLP,NLP,9,07/05/2022 12:00:00 AM
2022-07-07T13-15-18,27893,W C ROSE DRUG STORE DBA THOMAS DRUG,NLP,NLP,NLP,47,07/01/2022 12:00:00 AM
2022-07-07T13-15-18,27893,CVS Store #07335,NLP,NLP,NLP,10,07/06/2022 12:00:00 AM
2022-07-07T13-15-18,27893,Walmart Pharmacy #1664,NLP,NLP,NLP,16,07/06/2022 12:00:00 AM
2022-07-07T13-15-18,27893,WilsonValue Drug Store,NLP,NLP,NLP,29,07/01/2022 12:00:00 AM
2022-07-08T04-15-19,27893,Walmart Pharmacy #1664,NLP,NLP,NLP,16,07/07/2022 12:00:00 AM
2022-07-08T04-15-19,27893,WilsonValue Drug Store,NLP,NLP,NLP,29,07/07/2022 12:00:00 AM
2022-07-08T04-15-19,27893,W C ROSE DRUG STORE DBA THOMAS DRUG,NLP,NLP,NLP,47,07/06/2022 12:00:00 AM
2022-07-08T04-15-19,27893,CVS Store #07335,NLP,NLP,NLP,10,07/07/2022 12:00:00 AM
2022-07-08T04-15-19,27893,Walmart Pharmacy #4545,NLP,NLP,NLP,16,07/07/2022 12:00:00 AM
2022-07-08T04-15-19,27893,WILSON COMMUNITY HEALTH CENTER RX,NLP,NLP,NLP,9,07/07/2022 12:00:00 AM
2022-07-09T04-15-19,27893,WilsonValue Drug Store,NLP,NLP,NLP,29,07/07/2022 12:00:00 AM
2022-07-09T04-15-19,27893,Walmart Pharmacy #1664,NLP,NLP,NLP,16,07/07/2022 12:00:00 AM
2022-07-09T04-15-19,27893,W C ROSE DRUG STORE DBA THOMAS DRUG,NLP,NLP,NLP,47,07/08/2022 12:00:00 AM
2022-07-09T04-15-19,27893,CVS Store #07335,NLP,NLP,NLP,10,07/08/2022 12:00:00 AM
2022-07-09T04-15-19,27893,Walmart Pharmacy #4545,NLP,NLP,NLP,16,07/07/2022 12:00:00 AM
2022-07-09T04-15-19,27893,WILSON COMMUNITY HEALTH CENTER RX,NLP,NLP,NLP,9,07/07/2022 12:00:00 AM
2022-07-10T04-15-26,27893,Walmart Pharmacy #1664,NLP,NLP,NLP,16,07/07/2022 12:00:00 AM
2022-07-10T04-15-26,27893,WilsonValue Drug Store,NLP,NLP,NLP,29,07/07/2022 12:00:00 AM
2022-07-10T04-15-26,27893,W C ROSE DRUG STORE DBA THOMAS DRUG,NLP,NLP,NLP,47,07/08/2022 12:00:00 AM
2022-07-10T04-15-26,27893,WILSON COMMUNITY HEALTH CENTER RX,NLP,NLP,NLP,9,07/07/2022 12:00:00 AM
2022-07-10T04-15-26,27893,CVS Store #07335,NLP,NLP,NLP,10,07/08/2022 12:00:00 AM
2022-07-10T04-15-26,27893,Walmart Pharmacy #4545,NLP,NLP,NLP,16,07/07/2022 12:00:00 AM
2022-07-11T04-15-25,27893,WilsonValue Drug Store,NLP,NLP,NLP,29,07/07/2022 12:00:00 AM
2022-07-11T04-15-25,27893,Walmart Pharmacy #1664,NLP,NLP,NLP,16,07/07/2022 12:00:00 AM
2022-07-11T04-15-25,27893,CVS Store #07335,NLP,NLP,NLP,10,07/08/2022 12:00:00 AM
2022-07-11T04-15-25,27893,WILSON COMMUNITY HEALTH CENTER RX,NLP,NLP,NLP,9,07/07/2022 12:00:00 AM
2022-07-11T04-15-25,27893,W C ROSE DRUG STORE DBA THOMAS DRUG,NLP,NLP,NLP,47,07/08/2022 12:00:00 AM
2022-07-11T04-15-25,27893,Walmart Pharmacy #4545,NLP,NLP,NLP,16,07/07/2022 12:00:00 AM
2022-07-12T04-15-22,27893,Walmart Pharmacy #4545,NLP,NLP,NLP,16,07/11/2022 12:00:00 AM
2022-07-12T04-15-22,27893,WilsonValue Drug Store,NLP,NLP,NLP,29,07/07/2022 12:00:00 AM
2022-07-12T04-15-22,27893,Walmart Pharmacy #1664,NLP,NLP,NLP,17,07/11/2022 12:00:00 AM
2022-07-12T04-15-22,27893,CVS Store #07335,NLP,NLP,NLP,32,07/11/2022 12:00:00 AM
2022-07-12T04-15-22,27893,WALGREENS STORE #06926,NLP,NLP,NLP,1,07/11/2022 12:00:00 AM
2022-07-12T04-15-22,27893,WALGREENS STORE #06927,NLP,NLP,NLP,11,07/11/2022 12:00:00 AM
2022-07-12T04-15-22,27893,W C ROSE DRUG STORE DBA THOMAS DRUG,NLP,NLP,NLP,47,07/11/2022 12:00:00 AM
2022-07-12T04-15-22,27893,WILSON COMMUNITY HEALTH CENTER RX,NLP,NLP,NLP,9,07/11/2022 12:00:00 AM
2022-07-12T04-15-22,27893,WALGREENS STORE #19254,NLP,NLP,NLP,19,07/11/2022 12:00:00 AM
2022-07-13T04-15-22,27893,Walmart Pharmacy #4545,NLP,NLP,NLP,16,07/12/2022 12:00:00 AM
2022-07-13T04-15-22,27893,Walmart Pharmacy #1664,NLP,NLP,NLP,17,07/12/2022 12:00:00 AM
2022-07-13T04-15-22,27893,WilsonValue Drug Store,NLP,NLP,NLP,29,07/07/2022 12:00:00 AM
2022-07-13T04-15-22,27893,WILSON COMMUNITY HEALTH CENTER RX,NLP,NLP,NLP,9,07/11/2022 12:00:00 AM
2022-07-13T04-15-22,27893,WALGREENS STORE #19254,NLP,NLP,NLP,19,07/11/2022 12:00:00 AM
2022-07-13T04-15-22,27893,WALGREENS STORE #06926,NLP,NLP,NLP,1,07/11/2022 12:00:00 AM
2022-07-13T04-15-22,27893,CVS Store #07335,NLP,NLP,NLP,32,07/12/2022 12:00:00 AM
2022-07-13T04-15-22,27893,W C ROSE DRUG STORE DBA THOMAS DRUG,NLP,NLP,NLP,47,07/12/2022 12:00:00 AM
2022-07-13T04-15-22,27893,WALGREENS STORE #06927,NLP,NLP,NLP,11,07/11/2022 12:00:00 AM
2022-07-14T04-15-29,27893,WilsonValue Drug Store,NLP,NLP,NLP,28,07/13/2022 12:00:00 AM
2022-07-14T04-15-29,27893,Walmart Pharmacy #1664,NLP,NLP,NLP,16,07/13/2022 12:00:00 AM
2022-07-14T04-15-29,27893,WALGREENS STORE #06927,NLP,NLP,NLP,11,07/13/2022 12:00:00 AM
2022-07-14T04-15-29,27893,W C ROSE DRUG STORE DBA THOMAS DRUG,NLP,NLP,NLP,47,07/13/2022 12:00:00 AM
2022-07-14T04-15-29,27893,WILSON COMMUNITY HEALTH CENTER RX,NLP,NLP,NLP,9,07/11/2022 12:00:00 AM
2022-07-14T04-15-29,27893,CVS Store #07335,NLP,NLP,NLP,32,07/13/2022 12:00:00 AM
2022-07-14T04-15-29,27893,WALGREENS STORE #19254,NLP,NLP,NLP,19,07/13/2022 12:00:00 AM
2022-07-14T04-15-29,27893,WALGREENS STORE #06926,NLP,NLP,NLP,1,07/13/2022 12:00:00 AM
2022-07-14T04-15-29,27893,Walmart Pharmacy #4545,NLP,NLP,NLP,16,07/13/2022 12:00:00 AM
2022-07-15T04-15-46,27893,WilsonValue Drug Store,NLP,NLP,NLP,28,07/13/2022 12:00:00 AM
2022-07-15T04-15-46,27893,Walmart Pharmacy #1664,NLP,NLP,NLP,16,07/14/2022 12:00:00 AM
2022-07-15T04-15-46,27893,WALGREENS STORE #06927,NLP,NLP,NLP,11,07/14/2022 12:00:00 AM
2022-07-15T04-15-46,27893,CVS Store #07335,NLP,NLP,NLP,31,07/14/2022 12:00:00 AM
2022-07-15T04-15-46,27893,WILSON COMMUNITY HEALTH CENTER RX,NLP,NLP,NLP,9,07/14/2022 12:00:00 AM
2022-07-15T04-15-46,27893,W C ROSE DRUG STORE DBA THOMAS DRUG,NLP,NLP,NLP,47,07/13/2022 12:00:00 AM
2022-07-15T04-15-46,27893,WALGREENS STORE #06926,NLP,NLP,NLP,1,07/14/2022 12:00:00 AM
2022-07-15T04-15-46,27893,Walmart Pharmacy #4545,NLP,NLP,NLP,16,07/14/2022 12:00:00 AM
2022-07-15T04-15-46,27893,WALGREENS STORE #19254,NLP,NLP,NLP,19,07/14/2022 12:00:00 AM
2022-07-17T04-15-18,27893,WALGREENS STORE #06927,NLP,NLP,NLP,11,07/14/2022 12:00:00 AM
2022-07-17T04-15-18,27893,CVS Store #07335,NLP,NLP,NLP,30,07/15/2022 12:00:00 AM
2022-07-17T04-15-18,27893,WILSON COMMUNITY HEALTH CENTER RX,NLP,NLP,NLP,9,07/14/2022 12:00:00 AM
2022-07-17T04-15-18,27893,Walmart Pharmacy #4545,NLP,NLP,NLP,16,07/14/2022 12:00:00 AM
2022-07-17T04-15-18,27893,WALGREENS STORE #06926,NLP,NLP,NLP,1,07/14/2022 12:00:00 AM
2022-07-17T04-15-18,27893,WALGREENS STORE #19254,NLP,NLP,NLP,19,07/14/2022 12:00:00 AM
2022-07-17T04-15-18,27893,Walmart Pharmacy #1664,NLP,NLP,NLP,16,07/14/2022 12:00:00 AM
2022-07-17T04-15-18,27893,WilsonValue Drug Store,NLP,NLP,NLP,28,07/13/2022 12:00:00 AM
2022-07-17T04-15-18,27893,W C ROSE DRUG STORE DBA THOMAS DRUG,NLP,NLP,NLP,47,07/15/2022 12:00:00 AM
2022-07-18T04-15-21,27893,CVS Store #07335,NLP,NLP,NLP,30,07/15/2022 12:00:00 AM
2022-07-18T04-15-21,27893,WALGREENS STORE #06927,NLP,NLP,NLP,11,07/14/2022 12:00:00 AM
2022-07-18T04-15-21,27893,WILSON COMMUNITY HEALTH CENTER RX,NLP,NLP,NLP,9,07/14/2022 12:00:00 AM
2022-07-18T04-15-21,27893,Walmart Pharmacy #4545,NLP,NLP,NLP,16,07/14/2022 12:00:00 AM
2022-07-18T04-15-21,27893,WALGREENS STORE #19254,NLP,NLP,NLP,19,07/14/2022 12:00:00 AM
2022-07-18T04-15-21,27893,WALGREENS STORE #06926,NLP,NLP,NLP,1,07/14/2022 12:00:00 AM
2022-07-18T04-15-21,27893,WilsonValue Drug Store,NLP,NLP,NLP,28,07/13/2022 12:00:00 AM
2022-07-18T04-15-21,27893,Walmart Pharmacy #1664,NLP,NLP,NLP,16,07/14/2022 12:00:00 AM
2022-07-18T04-15-21,27893,W C ROSE DRUG STORE DBA THOMAS DRUG,NLP,NLP,NLP,47,07/15/2022 12:00:00 AM
2022-07-18T07-55-19,27893,WALGREENS STORE #06927,NLP,NLP,NLP,11,07/14/2022 12:00:00 AM
2022-07-18T07-55-19,27893,CVS Store #07335,NLP,NLP,NLP,30,07/15/2022 12:00:00 AM
2022-07-18T07-55-19,27893,W C ROSE DRUG STORE DBA THOMAS DRUG,NLP,NLP,NLP,47,07/15/2022 12:00:00 AM
2022-07-18T07-55-19,27893,WILSON COMMUNITY HEALTH CENTER RX,NLP,NLP,NLP,9,07/14/2022 12:00:00 AM
2022-07-18T07-55-19,27893,Walmart Pharmacy #4545,NLP,NLP,NLP,16,07/14/2022 12:00:00 AM
2022-07-18T07-55-19,27893,WALGREENS STORE #19254,NLP,NLP,NLP,19,07/14/2022 12:00:00 AM
2022-07-18T07-55-19,27893,WALGREENS STORE #06926,NLP,NLP,NLP,1,07/14/2022 12:00:00 AM
2022-07-18T07-55-19,27893,WilsonValue Drug Store,NLP,NLP,NLP,28,07/13/2022 12:00:00 AM
2022-07-18T07-55-19,27893,Walmart Pharmacy #1664,NLP,NLP,NLP,16,07/14/2022 12:00:00 AM
2022-07-19T04-15-25,27893,Walmart Pharmacy #4545,NLP,NLP,NLP,16,07/18/2022 12:00:00 AM
2022-07-19T04-15-25,27893,CVS Store #07335,NLP,NLP,NLP,28,07/18/2022 12:00:00 AM
2022-07-19T04-15-25,27893,WALGREENS STORE #19254,NLP,NLP,NLP,19,07/18/2022 12:00:00 AM
2022-07-19T04-15-25,27893,WILSON COMMUNITY HEALTH CENTER RX,NLP,NLP,NLP,9,07/18/2022 12:00:00 AM
2022-07-19T04-15-25,27893,WALGREENS STORE #06927,NLP,NLP,NLP,10,07/18/2022 12:00:00 AM
2022-07-19T04-15-25,27893,Walmart Pharmacy #1664,NLP,NLP,NLP,16,07/18/2022 12:00:00 AM
2022-07-19T04-15-25,27893,WALGREENS STORE #06926,NLP,NLP,NLP,1,07/18/2022 12:00:00 AM
2022-07-19T04-15-25,27893,W C ROSE DRUG STORE DBA THOMAS DRUG,NLP,NLP,NLP,47,07/18/2022 12:00:00 AM
2022-07-19T04-15-25,27893,WilsonValue Drug Store,NLP,NLP,NLP,28,07/13/2022 12:00:00 AM
2022-07-20T04-15-41,27893,WALGREENS STORE #19254,NLP,NLP,NLP,19,07/18/2022 12:00:00 AM
2022-07-20T04-15-41,27893,WALGREENS STORE #06926,NLP,NLP,NLP,1,07/18/2022 12:00:00 AM
2022-07-20T04-15-41,27893,Walmart Pharmacy #1664,NLP,NLP,NLP,16,07/19/2022 12:00:00 AM
2022-07-20T04-15-41,27893,Walmart Pharmacy #4545,NLP,NLP,NLP,16,07/19/2022 12:00:00 AM
2022-07-20T04-15-41,27893,WilsonValue Drug Store,NLP,NLP,NLP,28,07/13/2022 12:00:00 AM
2022-07-20T04-15-41,27893,W C ROSE DRUG STORE DBA THOMAS DRUG,NLP,NLP,NLP,47,07/19/2022 12:00:00 AM
2022-07-20T04-15-41,27893,WALGREENS STORE #06927,NLP,NLP,NLP,10,07/18/2022 12:00:00 AM
2022-07-20T04-15-41,27893,CVS Store #07335,NLP,NLP,NLP,28,07/18/2022 12:00:00 AM
2022-07-20T04-15-41,27893,WILSON COMMUNITY HEALTH CENTER RX,NLP,NLP,NLP,9,07/18/2022 12:00:00 AM
2022-07-21T04-15-40,27893,CVS Store #07335,NLP,NLP,NLP,28,07/18/2022 12:00:00 AM
2022-07-21T04-15-40,27893,WilsonValue Drug Store,NLP,NLP,NLP,28,07/13/2022 12:00:00 AM
2022-07-21T04-15-40,27893,Walmart Pharmacy #1664,NLP,NLP,NLP,16,07/20/2022 12:00:00 AM
2022-07-21T04-15-40,27893,W C ROSE DRUG STORE DBA THOMAS DRUG,NLP,NLP,NLP,47,07/20/2022 12:00:00 AM
2022-07-21T04-15-40,27893,WALGREENS STORE #06927,NLP,NLP,NLP,10,07/18/2022 12:00:00 AM
2022-07-21T04-15-40,27893,WILSON COMMUNITY HEALTH CENTER RX,NLP,NLP,NLP,9,07/18/2022 12:00:00 AM
2022-07-21T04-15-40,27893,Walmart Pharmacy #4545,NLP,NLP,NLP,15,07/20/2022 12:00:00 AM
2022-07-21T04-15-40,27893,WALGREENS STORE #06926,NLP,NLP,NLP,1,07/18/2022 12:00:00 AM
2022-07-21T04-15-40,27893,WALGREENS STORE #19254,NLP,NLP,NLP,19,07/18/2022 12:00:00 AM
2022-07-22T04-15-29,27893,WALGREENS STORE #19254,NLP,NLP,NLP,19,07/21/2022 12:00:00 AM
2022-07-22T04-15-29,27893,Walmart Pharmacy #4545,NLP,NLP,NLP,15,07/21/2022 12:00:00 AM
2022-07-22T04-15-29,27893,W C ROSE DRUG STORE DBA THOMAS DRUG,NLP,NLP,NLP,47,07/21/2022 12:00:00 AM
2022-07-22T04-15-29,27893,WALGREENS STORE #06927,NLP,NLP,NLP,10,07/21/2022 12:00:00 AM
2022-07-22T04-15-29,27893,WILSON COMMUNITY HEALTH CENTER RX,NLP,NLP,NLP,9,07/21/2022 12:00:00 AM
2022-07-22T04-15-29,27893,CVS Store #07335,NLP,NLP,NLP,25,07/21/2022 12:00:00 AM
2022-07-22T04-15-29,27893,WilsonValue Drug Store,NLP,NLP,NLP,28,07/21/2022 12:00:00 AM
2022-07-22T04-15-29,27893,Walmart Pharmacy #1664,NLP,NLP,NLP,16,07/21/2022 12:00:00 AM
2022-07-23T04-15-20,27893,Walmart Pharmacy #1664,NLP,NLP,NLP,16,07/21/2022 12:00:00 AM
2022-07-23T04-15-20,27893,WILSON COMMUNITY HEALTH CENTER RX,NLP,NLP,NLP,9,07/21/2022 12:00:00 AM
2022-07-23T04-15-20,27893,WilsonValue Drug Store,NLP,NLP,NLP,28,07/21/2022 12:00:00 AM
2022-07-23T04-15-20,27893,Walmart Pharmacy #4545,NLP,NLP,NLP,15,07/21/2022 12:00:00 AM
2022-07-23T04-15-20,27893,WALGREENS STORE #19254,NLP,NLP,NLP,19,07/21/2022 12:00:00 AM
2022-07-23T04-15-20,27893,WALGREENS STORE #06927,NLP,NLP,NLP,10,07/21/2022 12:00:00 AM
2022-07-23T04-15-20,27893,CVS Store #07335,NLP,NLP,NLP,24,07/22/2022 12:00:00 AM
2022-07-23T04-15-20,27893,W C ROSE DRUG STORE DBA THOMAS DRUG,NLP,NLP,NLP,47,07/22/2022 12:00:00 AM
2022-07-24T04-15-21,27893,WilsonValue Drug Store,NLP,NLP,NLP,28,07/21/2022 12:00:00 AM
2022-07-24T04-15-21,27893,WILSON COMMUNITY HEALTH CENTER RX,NLP,NLP,NLP,9,07/21/2022 12:00:00 AM
2022-07-24T04-15-21,27893,Walmart Pharmacy #1664,NLP,NLP,NLP,16,07/21/2022 12:00:00 AM
2022-07-24T04-15-21,27893,Walmart Pharmacy #4545,NLP,NLP,NLP,15,07/21/2022 12:00:00 AM
2022-07-24T04-15-21,27893,WALGREENS STORE #19254,NLP,NLP,NLP,19,07/21/2022 12:00:00 AM
2022-07-24T04-15-21,27893,WALGREENS STORE #06927,NLP,NLP,NLP,10,07/21/2022 12:00:00 AM
2022-07-24T04-15-21,27893,W C ROSE DRUG STORE DBA THOMAS DRUG,NLP,NLP,NLP,47,07/22/2022 12:00:00 AM
2022-07-24T04-15-21,27893,CVS Store #07335,NLP,NLP,NLP,24,07/22/2022 12:00:00 AM
