2022-04-08T05-48-29,32159,UF HEALTH THE VILLAGES HOSPITAL,NLP,NLP,NLP,384,04/07/2022 12:00:00 AM
2022-04-08T05-48-29,32159,CVS Store #05120,NLP,NLP,NLP,23,04/07/2022 12:00:00 AM
2022-04-08T05-48-29,32159,CVS Store #17147,NLP,NLP,NLP,24,04/07/2022 12:00:00 AM
2022-04-08T05-48-29,32159,The Villages Regional Hospital,NLP,NLP,NLP,384,04/07/2022 12:00:00 AM
2022-04-08T05-48-29,32159,Walgreens Store #05432,NLP,NLP,NLP,23,04/07/2022 12:00:00 AM
2022-04-09T05-41-09,32159,UF HEALTH THE VILLAGES HOSPITAL,NLP,NLP,NLP,384,04/08/2022 12:00:00 AM
2022-04-09T05-41-09,32159,CVS Store #05120,NLP,NLP,NLP,23,04/08/2022 12:00:00 AM
2022-04-09T05-41-09,32159,The Villages Regional Hospital,NLP,NLP,NLP,384,04/08/2022 12:00:00 AM
2022-04-09T05-41-09,32159,CVS Store #17147,NLP,NLP,NLP,24,04/08/2022 12:00:00 AM
2022-04-09T05-41-09,32159,Walgreens Store #05432,NLP,NLP,NLP,23,04/08/2022 12:00:00 AM
2022-04-10T09-31-27,32159,CVS Store #17147,NLP,NLP,NLP,24,04/08/2022 12:00:00 AM
2022-04-10T09-31-27,32159,UF HEALTH THE VILLAGES HOSPITAL,NLP,NLP,NLP,384,04/08/2022 12:00:00 AM
2022-04-10T09-31-27,32159,The Villages Regional Hospital,NLP,NLP,NLP,384,04/08/2022 12:00:00 AM
2022-04-10T09-31-27,32159,CVS Store #05120,NLP,NLP,NLP,23,04/08/2022 12:00:00 AM
2022-04-10T09-31-27,32159,Walgreens Store #05432,NLP,NLP,NLP,23,04/08/2022 12:00:00 AM
2022-04-11T07-06-23,32159,UF HEALTH THE VILLAGES HOSPITAL,NLP,NLP,NLP,384,04/08/2022 12:00:00 AM
2022-04-11T07-06-23,32159,CVS Store #17147,NLP,NLP,NLP,24,04/08/2022 12:00:00 AM
2022-04-11T07-06-23,32159,CVS Store #05120,NLP,NLP,NLP,23,04/08/2022 12:00:00 AM
2022-04-11T07-06-23,32159,The Villages Regional Hospital,NLP,NLP,NLP,384,04/08/2022 12:00:00 AM
2022-04-11T07-06-23,32159,Walgreens Store #05432,NLP,NLP,NLP,23,04/08/2022 12:00:00 AM
2022-04-12T07-06-55,32159,UF HEALTH THE VILLAGES HOSPITAL,NLP,NLP,NLP,384,04/11/2022 12:00:00 AM
2022-04-12T07-06-55,32159,The Villages Regional Hospital,NLP,NLP,NLP,384,04/11/2022 12:00:00 AM
2022-04-12T07-06-55,32159,CVS Store #05120,NLP,NLP,NLP,23,04/11/2022 12:00:00 AM
2022-04-12T07-06-55,32159,CVS Store #17147,NLP,NLP,NLP,24,04/11/2022 12:00:00 AM
2022-04-12T07-06-55,32159,Walgreens Store #05432,NLP,NLP,NLP,23,04/11/2022 12:00:00 AM
2022-04-13T09-20-57,32159,CVS Store #17147,NLP,NLP,NLP,24,04/12/2022 12:00:00 AM
2022-04-13T09-20-57,32159,UF HEALTH THE VILLAGES HOSPITAL,NLP,NLP,NLP,384,04/12/2022 12:00:00 AM
2022-04-13T09-20-57,32159,CVS Store #05120,NLP,NLP,NLP,23,04/12/2022 12:00:00 AM
2022-04-13T09-20-57,32159,The Villages Regional Hospital,NLP,NLP,NLP,384,04/12/2022 12:00:00 AM
2022-04-13T09-20-57,32159,Walgreens Store #05432,NLP,NLP,NLP,23,04/12/2022 12:00:00 AM
2022-04-13T11-55-39,32159,CVS Store #17147,NLP,NLP,NLP,24,04/12/2022 12:00:00 AM
2022-04-13T11-55-39,32159,The Villages Regional Hospital,NLP,NLP,NLP,384,04/12/2022 12:00:00 AM
2022-04-13T11-55-39,32159,UF HEALTH THE VILLAGES HOSPITAL,NLP,NLP,NLP,384,04/12/2022 12:00:00 AM
2022-04-13T11-55-39,32159,CVS Store #05120,NLP,NLP,NLP,23,04/12/2022 12:00:00 AM
2022-04-13T11-55-39,32159,Walgreens Store #05432,NLP,NLP,NLP,23,04/12/2022 12:00:00 AM
2022-04-14T09-18-06,32159,CVS Store #05120,NLP,NLP,NLP,23,04/13/2022 12:00:00 AM
2022-04-14T09-18-06,32159,UF HEALTH THE VILLAGES HOSPITAL,NLP,NLP,NLP,384,04/13/2022 12:00:00 AM
2022-04-14T09-18-06,32159,The Villages Regional Hospital,NLP,NLP,NLP,384,04/13/2022 12:00:00 AM
2022-04-14T09-18-06,32159,CVS Store #17147,NLP,NLP,NLP,24,04/13/2022 12:00:00 AM
2022-04-14T09-18-06,32159,Walgreens Store #05432,NLP,NLP,NLP,21,04/13/2022 12:00:00 AM
2022-04-15T06-03-51,32159,CVS Store #17147,NLP,NLP,NLP,24,04/14/2022 12:00:00 AM
2022-04-15T06-03-51,32159,CVS Store #05120,NLP,NLP,NLP,23,04/14/2022 12:00:00 AM
2022-04-15T06-03-51,32159,The Villages Regional Hospital,NLP,NLP,NLP,384,04/14/2022 12:00:00 AM
2022-04-15T06-03-51,32159,UF HEALTH THE VILLAGES HOSPITAL,NLP,NLP,NLP,384,04/14/2022 12:00:00 AM
2022-04-15T06-03-51,32159,Walgreens Store #05432,NLP,NLP,NLP,21,04/14/2022 12:00:00 AM
2022-04-16T05-33-42,32159,CVS Store #17147,NLP,NLP,NLP,24,04/15/2022 12:00:00 AM
2022-04-16T05-33-42,32159,The Villages Regional Hospital,NLP,NLP,NLP,384,04/15/2022 12:00:00 AM
2022-04-16T05-33-42,32159,UF HEALTH THE VILLAGES HOSPITAL,NLP,NLP,NLP,384,04/15/2022 12:00:00 AM
2022-04-16T05-33-42,32159,CVS Store #05120,NLP,NLP,NLP,23,04/15/2022 12:00:00 AM
2022-04-16T05-33-42,32159,Walgreens Store #05432,NLP,NLP,NLP,21,04/15/2022 12:00:00 AM
2022-04-17T05-32-24,32159,CVS Store #05120,NLP,NLP,NLP,23,04/15/2022 12:00:00 AM
2022-04-17T05-32-24,32159,UF HEALTH THE VILLAGES HOSPITAL,NLP,NLP,NLP,384,04/15/2022 12:00:00 AM
2022-04-17T05-32-24,32159,The Villages Regional Hospital,NLP,NLP,NLP,384,04/15/2022 12:00:00 AM
2022-04-17T05-32-24,32159,CVS Store #17147,NLP,NLP,NLP,24,04/15/2022 12:00:00 AM
2022-04-17T05-32-24,32159,Walgreens Store #05432,NLP,NLP,NLP,21,04/15/2022 12:00:00 AM
2022-04-18T05-31-10,32159,CVS Store #17147,NLP,NLP,NLP,24,04/15/2022 12:00:00 AM
2022-04-18T05-31-10,32159,UF HEALTH THE VILLAGES HOSPITAL,NLP,NLP,NLP,384,04/15/2022 12:00:00 AM
2022-04-18T05-31-10,32159,The Villages Regional Hospital,NLP,NLP,NLP,384,04/15/2022 12:00:00 AM
2022-04-18T05-31-10,32159,CVS Store #05120,NLP,NLP,NLP,23,04/15/2022 12:00:00 AM
2022-04-18T05-31-10,32159,Walgreens Store #05432,NLP,NLP,NLP,21,04/15/2022 12:00:00 AM
2022-04-19T05-39-24,32159,CVS Store #05120,NLP,NLP,NLP,23,04/18/2022 12:00:00 AM
2022-04-19T05-39-24,32159,CVS Store #17147,NLP,NLP,NLP,24,04/18/2022 12:00:00 AM
2022-04-19T05-39-24,32159,The Villages Regional Hospital,NLP,NLP,NLP,384,04/18/2022 12:00:00 AM
2022-04-19T05-39-24,32159,UF HEALTH THE VILLAGES HOSPITAL,NLP,NLP,NLP,384,04/18/2022 12:00:00 AM
2022-04-19T05-39-24,32159,Walgreens Store #05432,NLP,NLP,NLP,21,04/18/2022 12:00:00 AM
2022-04-20T05-27-37,32159,CVS Store #17147,NLP,NLP,NLP,24,04/19/2022 12:00:00 AM
2022-04-20T05-27-37,32159,The Villages Regional Hospital,NLP,NLP,NLP,384,04/19/2022 12:00:00 AM
2022-04-20T05-27-37,32159,CVS Store #05120,NLP,NLP,NLP,23,04/19/2022 12:00:00 AM
2022-04-20T05-27-37,32159,UF HEALTH THE VILLAGES HOSPITAL,NLP,NLP,NLP,384,04/19/2022 12:00:00 AM
2022-04-20T05-27-37,32159,Walgreens Store #05432,NLP,NLP,NLP,21,04/18/2022 12:00:00 AM
2022-04-21T05-29-54,32159,CVS Store #17147,NLP,NLP,NLP,24,04/20/2022 12:00:00 AM
2022-04-21T05-29-54,32159,UF HEALTH THE VILLAGES HOSPITAL,NLP,NLP,NLP,384,04/20/2022 12:00:00 AM
2022-04-21T05-29-54,32159,CVS Store #05120,NLP,NLP,NLP,23,04/20/2022 12:00:00 AM
2022-04-21T05-29-54,32159,The Villages Regional Hospital,NLP,NLP,NLP,384,04/19/2022 12:00:00 AM
2022-04-21T05-29-54,32159,Walgreens Store #05432,NLP,NLP,NLP,21,04/20/2022 12:00:00 AM
2022-04-22T05-26-18,32159,CVS Store #05120,NLP,NLP,NLP,23,04/21/2022 12:00:00 AM
2022-04-22T05-26-18,32159,CVS Store #17147,NLP,NLP,NLP,24,04/21/2022 12:00:00 AM
2022-04-22T05-26-18,32159,UF HEALTH THE VILLAGES HOSPITAL,NLP,NLP,NLP,384,04/21/2022 12:00:00 AM
2022-04-22T05-26-18,32159,The Villages Regional Hospital,NLP,NLP,NLP,384,04/21/2022 12:00:00 AM
2022-04-22T05-26-18,32159,Walgreens Store #05432,NLP,NLP,NLP,21,04/21/2022 12:00:00 AM
2022-04-23T05-25-10,32159,UF HEALTH THE VILLAGES HOSPITAL,NLP,NLP,NLP,384,04/22/2022 12:00:00 AM
2022-04-23T05-25-10,32159,CVS Store #17147,NLP,NLP,NLP,24,04/22/2022 12:00:00 AM
2022-04-23T05-25-10,32159,The Villages Regional Hospital,NLP,NLP,NLP,384,04/22/2022 12:00:00 AM
2022-04-23T05-25-10,32159,CVS Store #05120,NLP,NLP,NLP,23,04/22/2022 12:00:00 AM
2022-04-23T05-25-10,32159,Walgreens Store #05432,NLP,NLP,NLP,21,04/22/2022 12:00:00 AM
2022-04-24T05-22-24,32159,CVS Store #05120,NLP,NLP,NLP,23,04/22/2022 12:00:00 AM
2022-04-24T05-22-24,32159,The Villages Regional Hospital,NLP,NLP,NLP,384,04/22/2022 12:00:00 AM
2022-04-24T05-22-24,32159,CVS Store #17147,NLP,NLP,NLP,24,04/22/2022 12:00:00 AM
2022-04-24T05-22-24,32159,UF HEALTH THE VILLAGES HOSPITAL,NLP,NLP,NLP,384,04/22/2022 12:00:00 AM
2022-04-24T05-22-24,32159,Walgreens Store #05432,NLP,NLP,NLP,21,04/22/2022 12:00:00 AM
2022-04-25T05-22-33,32159,The Villages Regional Hospital,NLP,NLP,NLP,384,04/22/2022 12:00:00 AM
2022-04-25T05-22-33,32159,CVS Store #17147,NLP,NLP,NLP,24,04/22/2022 12:00:00 AM
2022-04-25T05-22-33,32159,CVS Store #05120,NLP,NLP,NLP,23,04/22/2022 12:00:00 AM
2022-04-25T05-22-33,32159,UF HEALTH THE VILLAGES HOSPITAL,NLP,NLP,NLP,384,04/22/2022 12:00:00 AM
2022-04-25T05-22-33,32159,Walgreens Store #05432,NLP,NLP,NLP,21,04/22/2022 12:00:00 AM
2022-04-26T05-20-54,32159,UF HEALTH THE VILLAGES HOSPITAL,NLP,NLP,NLP,384,04/22/2022 12:00:00 AM
2022-04-26T05-20-54,32159,CVS Store #17147,NLP,NLP,NLP,24,04/25/2022 12:00:00 AM
2022-04-26T05-20-54,32159,CVS Store #05120,NLP,NLP,NLP,23,04/25/2022 12:00:00 AM
2022-04-26T05-20-54,32159,The Villages Regional Hospital,NLP,NLP,NLP,384,04/22/2022 12:00:00 AM
2022-04-26T05-20-54,32159,Walgreens Store #05432,NLP,NLP,NLP,21,04/25/2022 12:00:00 AM
2022-04-27T05-23-49,32159,UF HEALTH THE VILLAGES HOSPITAL,NLP,NLP,NLP,384,04/22/2022 12:00:00 AM
2022-04-27T05-23-49,32159,The Villages Regional Hospital,NLP,NLP,NLP,384,04/22/2022 12:00:00 AM
2022-04-27T05-23-49,32159,CVS Store #17147,NLP,NLP,NLP,24,04/26/2022 12:00:00 AM
2022-04-27T05-23-49,32159,CVS Store #05120,NLP,NLP,NLP,23,04/26/2022 12:00:00 AM
2022-04-27T05-23-49,32159,Walgreens Store #05432,NLP,NLP,NLP,21,04/26/2022 12:00:00 AM
2022-04-28T09-22-45,32159,CVS Store #17147,NLP,NLP,NLP,24,04/26/2022 12:00:00 AM
2022-04-28T09-22-45,32159,The Villages Regional Hospital,NLP,NLP,NLP,384,04/22/2022 12:00:00 AM
2022-04-28T09-22-45,32159,UF HEALTH THE VILLAGES HOSPITAL,NLP,NLP,NLP,384,04/28/2022 12:00:00 AM
2022-04-28T09-22-45,32159,CVS Store #05120,NLP,NLP,NLP,23,04/26/2022 12:00:00 AM
2022-04-28T09-22-45,32159,Walgreens Store #05432,NLP,NLP,NLP,21,04/27/2022 12:00:00 AM
2022-04-29T05-13-54,32159,The Villages Regional Hospital,NLP,NLP,NLP,384,04/22/2022 12:00:00 AM
2022-04-29T05-13-54,32159,CVS Store #05120,NLP,NLP,NLP,23,04/28/2022 12:00:00 AM
2022-04-29T05-13-54,32159,UF HEALTH THE VILLAGES HOSPITAL,NLP,NLP,NLP,384,04/28/2022 12:00:00 AM
2022-04-29T05-13-54,32159,CVS Store #17147,NLP,NLP,NLP,24,04/28/2022 12:00:00 AM
2022-04-29T05-13-54,32159,Walgreens Store #05432,NLP,NLP,NLP,21,04/28/2022 12:00:00 AM
2022-04-30T05-15-55,32159,UF HEALTH THE VILLAGES HOSPITAL,NLP,NLP,NLP,384,04/29/2022 12:00:00 AM
2022-04-30T05-15-55,32159,The Villages Regional Hospital,NLP,NLP,NLP,384,04/22/2022 12:00:00 AM
2022-04-30T05-15-55,32159,CVS Store #17147,NLP,NLP,NLP,24,04/29/2022 12:00:00 AM
2022-04-30T05-15-55,32159,CVS Store #05120,NLP,NLP,NLP,23,04/29/2022 12:00:00 AM
2022-04-30T05-15-55,32159,Walgreens Store #05432,NLP,NLP,NLP,21,04/29/2022 12:00:00 AM
2022-05-01T05-13-51,32159,CVS Store #17147,NLP,NLP,NLP,24,04/29/2022 12:00:00 AM
2022-05-01T05-13-51,32159,CVS Store #05120,NLP,NLP,NLP,23,04/29/2022 12:00:00 AM
2022-05-01T05-13-51,32159,UF HEALTH THE VILLAGES HOSPITAL,NLP,NLP,NLP,384,04/29/2022 12:00:00 AM
2022-05-01T05-13-51,32159,The Villages Regional Hospital,NLP,NLP,NLP,384,04/22/2022 12:00:00 AM
2022-05-01T05-13-51,32159,Walgreens Store #05432,NLP,NLP,NLP,21,04/29/2022 12:00:00 AM
2022-05-02T06-02-50,32159,CVS Store #05120,NLP,NLP,NLP,23,04/29/2022 12:00:00 AM
2022-05-02T06-02-50,32159,CVS Store #17147,NLP,NLP,NLP,24,04/29/2022 12:00:00 AM
2022-05-02T06-02-50,32159,UF HEALTH THE VILLAGES HOSPITAL,NLP,NLP,NLP,384,04/29/2022 12:00:00 AM
2022-05-02T06-02-50,32159,The Villages Regional Hospital,NLP,NLP,NLP,384,04/22/2022 12:00:00 AM
2022-05-02T06-02-50,32159,Walgreens Store #05432,NLP,NLP,NLP,21,04/29/2022 12:00:00 AM
2022-05-03T06-05-23,32159,UF HEALTH THE VILLAGES HOSPITAL,NLP,NLP,NLP,384,05/02/2022 12:00:00 AM
2022-05-03T06-05-23,32159,CVS Store #17147,NLP,NLP,NLP,24,05/02/2022 12:00:00 AM
2022-05-03T06-05-23,32159,CVS Store #05120,NLP,NLP,NLP,22,05/02/2022 12:00:00 AM
2022-05-03T06-05-23,32159,The Villages Regional Hospital,NLP,NLP,NLP,384,04/22/2022 12:00:00 AM
2022-05-03T06-05-23,32159,Walgreens Store #05432,NLP,NLP,NLP,21,04/29/2022 12:00:00 AM
2022-05-04T05-12-02,32159,UF HEALTH THE VILLAGES HOSPITAL,NLP,NLP,NLP,384,05/03/2022 12:00:00 AM
2022-05-04T05-12-02,32159,CVS Store #17147,NLP,NLP,NLP,24,05/03/2022 12:00:00 AM
2022-05-04T05-12-02,32159,CVS Store #05120,NLP,NLP,NLP,22,05/03/2022 12:00:00 AM
2022-05-04T05-12-02,32159,The Villages Regional Hospital,NLP,NLP,NLP,384,04/22/2022 12:00:00 AM
2022-05-04T05-12-02,32159,Walgreens Store #05432,NLP,NLP,NLP,21,04/29/2022 12:00:00 AM
2022-05-05T09-49-47,32159,UF HEALTH THE VILLAGES HOSPITAL,NLP,NLP,NLP,384,05/04/2022 12:00:00 AM
2022-05-05T09-49-47,32159,The Villages Regional Hospital,NLP,NLP,NLP,384,04/22/2022 12:00:00 AM
2022-05-05T09-49-47,32159,CVS Store #05120,NLP,NLP,NLP,22,05/04/2022 12:00:00 AM
2022-05-05T09-49-47,32159,CVS Store #17147,NLP,NLP,NLP,24,05/04/2022 12:00:00 AM
2022-05-05T09-49-47,32159,Walgreens Store #05432,NLP,NLP,NLP,21,04/29/2022 12:00:00 AM
2022-05-06T06-12-41,32159,CVS Store #05120,NLP,NLP,NLP,22,05/05/2022 12:00:00 AM
2022-05-06T06-12-41,32159,The Villages Regional Hospital,NLP,NLP,NLP,384,04/22/2022 12:00:00 AM
2022-05-06T06-12-41,32159,CVS Store #17147,NLP,NLP,NLP,24,05/05/2022 12:00:00 AM
2022-05-06T06-12-41,32159,UF HEALTH THE VILLAGES HOSPITAL,NLP,NLP,NLP,384,05/05/2022 12:00:00 AM
2022-05-06T06-12-41,32159,Walgreens Store #05432,NLP,NLP,NLP,21,05/05/2022 12:00:00 AM
2022-05-07T05-45-31,32159,UF HEALTH THE VILLAGES HOSPITAL,NLP,NLP,NLP,384,05/06/2022 12:00:00 AM
2022-05-07T05-45-31,32159,CVS Store #05120,NLP,NLP,NLP,22,05/06/2022 12:00:00 AM
2022-05-07T05-45-31,32159,CVS Store #17147,NLP,NLP,NLP,24,05/06/2022 12:00:00 AM
2022-05-07T05-45-31,32159,Walgreens Store #05432,NLP,NLP,NLP,21,05/05/2022 12:00:00 AM
2022-05-08T10-02-59,32159,CVS Store #17147,NLP,NLP,NLP,24,05/06/2022 12:00:00 AM
2022-05-08T10-02-59,32159,UF HEALTH THE VILLAGES HOSPITAL,NLP,NLP,NLP,384,05/06/2022 12:00:00 AM
2022-05-08T10-02-59,32159,CVS Store #05120,NLP,NLP,NLP,22,05/06/2022 12:00:00 AM
2022-05-08T10-02-59,32159,Walgreens Store #05432,NLP,NLP,NLP,21,05/05/2022 12:00:00 AM
2022-05-09T05-08-14,32159,CVS Store #05120,NLP,NLP,NLP,22,05/06/2022 12:00:00 AM
2022-05-09T05-08-14,32159,CVS Store #17147,NLP,NLP,NLP,24,05/06/2022 12:00:00 AM
2022-05-09T05-08-14,32159,UF HEALTH THE VILLAGES HOSPITAL,NLP,NLP,NLP,384,05/06/2022 12:00:00 AM
2022-05-09T05-08-14,32159,Walgreens Store #05432,NLP,NLP,NLP,21,05/05/2022 12:00:00 AM
2022-05-10T06-06-54,32159,CVS Store #05120,NLP,NLP,NLP,22,05/09/2022 12:00:00 AM
2022-05-10T06-06-54,32159,CVS Store #17147,NLP,NLP,NLP,24,05/09/2022 12:00:00 AM
2022-05-10T06-06-54,32159,UF HEALTH THE VILLAGES HOSPITAL,NLP,NLP,NLP,384,05/09/2022 12:00:00 AM
2022-05-10T06-06-54,32159,Walgreens Store #05432,NLP,NLP,NLP,21,05/05/2022 12:00:00 AM
2022-05-11T06-51-12,32159,UF HEALTH THE VILLAGES HOSPITAL,NLP,NLP,NLP,384,05/09/2022 12:00:00 AM
2022-05-11T06-51-12,32159,CVS Store #17147,NLP,NLP,NLP,24,05/10/2022 12:00:00 AM
2022-05-11T06-51-12,32159,CVS Store #05120,NLP,NLP,NLP,22,05/10/2022 12:00:00 AM
2022-05-11T06-51-12,32159,Walgreens Store #05432,NLP,NLP,NLP,21,05/10/2022 12:00:00 AM
2022-05-12T07-16-49,32159,CVS Store #17147,NLP,NLP,NLP,24,05/11/2022 12:00:00 AM
2022-05-12T07-16-49,32159,UF HEALTH THE VILLAGES HOSPITAL,NLP,NLP,NLP,384,05/11/2022 12:00:00 AM
2022-05-12T07-16-49,32159,CVS Store #05120,NLP,NLP,NLP,22,05/11/2022 12:00:00 AM
2022-05-12T07-16-49,32159,Walgreens Store #05432,NLP,NLP,NLP,21,05/11/2022 12:00:00 AM
2022-05-13T06-07-31,32159,CVS Store #17147,NLP,NLP,NLP,24,05/12/2022 12:00:00 AM
2022-05-13T06-07-31,32159,UF HEALTH THE VILLAGES HOSPITAL,NLP,NLP,NLP,384,05/12/2022 12:00:00 AM
2022-05-13T06-07-31,32159,CVS Store #05120,NLP,NLP,NLP,22,05/12/2022 12:00:00 AM
2022-05-13T06-07-31,32159,Walgreens Store #05432,NLP,NLP,NLP,21,05/12/2022 12:00:00 AM
2022-05-14T08-49-14,32159,CVS Store #05120,NLP,NLP,NLP,22,05/13/2022 12:00:00 AM
2022-05-14T08-49-14,32159,UF HEALTH THE VILLAGES HOSPITAL,NLP,NLP,NLP,384,05/13/2022 12:00:00 AM
2022-05-14T08-49-14,32159,CVS Store #17147,NLP,NLP,NLP,24,05/13/2022 12:00:00 AM
2022-05-14T08-49-14,32159,Walgreens Store #05432,NLP,NLP,NLP,21,05/13/2022 12:00:00 AM
2022-05-15T05-54-13,32159,UF HEALTH THE VILLAGES HOSPITAL,NLP,NLP,NLP,384,05/13/2022 12:00:00 AM
2022-05-15T05-54-13,32159,CVS Store #17147,NLP,NLP,NLP,24,05/13/2022 12:00:00 AM
2022-05-15T05-54-13,32159,CVS Store #05120,NLP,NLP,NLP,22,05/13/2022 12:00:00 AM
2022-05-15T05-54-13,32159,Walgreens Store #05432,NLP,NLP,NLP,21,05/13/2022 12:00:00 AM
2022-05-16T05-54-24,32159,CVS Store #17147,NLP,NLP,NLP,24,05/13/2022 12:00:00 AM
2022-05-16T05-54-24,32159,CVS Store #05120,NLP,NLP,NLP,22,05/13/2022 12:00:00 AM
2022-05-16T05-54-24,32159,UF HEALTH THE VILLAGES HOSPITAL,NLP,NLP,NLP,384,05/13/2022 12:00:00 AM
2022-05-16T05-54-24,32159,Walgreens Store #05432,NLP,NLP,NLP,21,05/13/2022 12:00:00 AM
2022-05-17T05-27-38,32159,UF HEALTH THE VILLAGES HOSPITAL,NLP,NLP,NLP,384,05/13/2022 12:00:00 AM
2022-05-17T05-27-38,32159,CVS Store #17147,NLP,NLP,NLP,24,05/13/2022 12:00:00 AM
2022-05-17T05-27-38,32159,CVS Store #05120,NLP,NLP,NLP,22,05/13/2022 12:00:00 AM
2022-05-17T05-27-38,32159,Walgreens Store #05432,NLP,NLP,NLP,21,05/16/2022 12:00:00 AM
2022-05-18T05-40-23,32159,CVS Store #05120,NLP,NLP,NLP,22,05/17/2022 12:00:00 AM
2022-05-18T05-40-23,32159,UF HEALTH THE VILLAGES HOSPITAL,NLP,NLP,NLP,384,05/17/2022 12:00:00 AM
2022-05-18T05-40-23,32159,CVS Store #17147,NLP,NLP,NLP,24,05/17/2022 12:00:00 AM
2022-05-18T05-40-23,32159,WALGREENS STORE #05432,NLP,NLP,NLP,21,05/17/2022 12:00:00 AM
2022-05-19T05-25-31,32159,CVS Store #17147,NLP,NLP,NLP,24,05/18/2022 12:00:00 AM
2022-05-19T05-25-31,32159,CVS Store #05120,NLP,NLP,NLP,22,05/18/2022 12:00:00 AM
2022-05-19T05-25-31,32159,UF HEALTH THE VILLAGES HOSPITAL,NLP,NLP,NLP,384,05/18/2022 12:00:00 AM
2022-05-19T05-25-31,32159,WALGREENS STORE #05432,NLP,NLP,NLP,21,05/18/2022 12:00:00 AM
2022-05-20T05-59-40,32159,CVS Store #17147,NLP,NLP,NLP,24,05/18/2022 12:00:00 AM
2022-05-20T05-59-40,32159,CVS Store #05120,NLP,NLP,NLP,22,05/18/2022 12:00:00 AM
2022-05-20T05-59-40,32159,UF HEALTH THE VILLAGES HOSPITAL,NLP,NLP,NLP,384,05/18/2022 12:00:00 AM
2022-05-20T05-59-40,32159,WALGREENS STORE #05432,NLP,NLP,NLP,21,05/18/2022 12:00:00 AM
2022-05-21T05-54-21,32159,CVS Store #05120,NLP,NLP,NLP,22,05/20/2022 12:00:00 AM
2022-05-21T05-54-21,32159,UF HEALTH THE VILLAGES HOSPITAL,NLP,NLP,NLP,384,05/18/2022 12:00:00 AM
2022-05-21T05-54-21,32159,CVS Store #17147,NLP,NLP,NLP,24,05/20/2022 12:00:00 AM
2022-05-21T05-54-21,32159,WALGREENS STORE #05432,NLP,NLP,NLP,21,05/19/2022 12:00:00 AM
2022-05-22T09-07-10,32159,CVS Store #05120,NLP,NLP,NLP,22,05/20/2022 12:00:00 AM
2022-05-22T09-07-10,32159,UF HEALTH THE VILLAGES HOSPITAL,NLP,NLP,NLP,384,05/18/2022 12:00:00 AM
2022-05-22T09-07-10,32159,CVS Store #17147,NLP,NLP,NLP,24,05/20/2022 12:00:00 AM
2022-05-22T09-07-10,32159,WALGREENS STORE #05432,NLP,NLP,NLP,21,05/19/2022 12:00:00 AM
2022-05-23T07-42-39,32159,UF HEALTH THE VILLAGES HOSPITAL,NLP,NLP,NLP,384,05/18/2022 12:00:00 AM
2022-05-23T07-42-39,32159,CVS Store #05120,NLP,NLP,NLP,22,05/20/2022 12:00:00 AM
2022-05-23T07-42-39,32159,CVS Store #17147,NLP,NLP,NLP,24,05/20/2022 12:00:00 AM
2022-05-23T07-42-39,32159,WALGREENS STORE #05432,NLP,NLP,NLP,21,05/19/2022 12:00:00 AM
2022-05-23T07-42-39,32159,UF HEALTH THE VILLAGES HOSPITAL,NLP,NLP,NLP,384,05/18/2022 12:00:00 AM
2022-05-23T07-42-39,32159,CVS Store #05120,NLP,NLP,NLP,22,05/20/2022 12:00:00 AM
2022-05-23T07-42-39,32159,CVS Store #17147,NLP,NLP,NLP,24,05/20/2022 12:00:00 AM
2022-05-23T07-42-39,32159,WALGREENS STORE #05432,NLP,NLP,NLP,21,05/19/2022 12:00:00 AM
2022-05-23T07-42-39,32159,UF HEALTH THE VILLAGES HOSPITAL,NLP,NLP,NLP,384,05/18/2022 12:00:00 AM
2022-05-23T07-42-39,32159,CVS Store #05120,NLP,NLP,NLP,22,05/20/2022 12:00:00 AM
2022-05-23T07-42-39,32159,CVS Store #17147,NLP,NLP,NLP,24,05/20/2022 12:00:00 AM
2022-05-23T07-42-39,32159,WALGREENS STORE #05432,NLP,NLP,NLP,21,05/19/2022 12:00:00 AM
2022-05-23T07-42-39,32159,UF HEALTH THE VILLAGES HOSPITAL,NLP,NLP,NLP,384,05/18/2022 12:00:00 AM
2022-05-23T07-42-39,32159,CVS Store #05120,NLP,NLP,NLP,22,05/20/2022 12:00:00 AM
2022-05-23T07-42-39,32159,CVS Store #17147,NLP,NLP,NLP,24,05/20/2022 12:00:00 AM
2022-05-23T07-42-39,32159,WALGREENS STORE #05432,NLP,NLP,NLP,21,05/19/2022 12:00:00 AM
2022-05-23T07-42-39,32159,UF HEALTH THE VILLAGES HOSPITAL,NLP,NLP,NLP,384,05/18/2022 12:00:00 AM
2022-05-23T07-42-39,32159,CVS Store #05120,NLP,NLP,NLP,22,05/20/2022 12:00:00 AM
2022-05-23T07-42-39,32159,CVS Store #17147,NLP,NLP,NLP,24,05/20/2022 12:00:00 AM
2022-05-23T07-42-39,32159,WALGREENS STORE #05432,NLP,NLP,NLP,21,05/19/2022 12:00:00 AM
2022-05-23T07-42-39,32159,UF HEALTH THE VILLAGES HOSPITAL,NLP,NLP,NLP,384,05/18/2022 12:00:00 AM
2022-05-23T07-42-39,32159,CVS Store #05120,NLP,NLP,NLP,22,05/20/2022 12:00:00 AM
2022-05-23T07-42-39,32159,CVS Store #17147,NLP,NLP,NLP,24,05/20/2022 12:00:00 AM
2022-05-23T07-42-39,32159,WALGREENS STORE #05432,NLP,NLP,NLP,21,05/19/2022 12:00:00 AM
2022-05-23T07-42-39,32159,UF HEALTH THE VILLAGES HOSPITAL,NLP,NLP,NLP,384,05/18/2022 12:00:00 AM
2022-05-23T07-42-39,32159,CVS Store #05120,NLP,NLP,NLP,22,05/20/2022 12:00:00 AM
2022-05-23T07-42-39,32159,CVS Store #17147,NLP,NLP,NLP,24,05/20/2022 12:00:00 AM
2022-05-23T07-42-39,32159,WALGREENS STORE #05432,NLP,NLP,NLP,21,05/19/2022 12:00:00 AM
2022-05-23T07-42-39,32159,UF HEALTH THE VILLAGES HOSPITAL,NLP,NLP,NLP,384,05/18/2022 12:00:00 AM
2022-05-23T07-42-39,32159,CVS Store #05120,NLP,NLP,NLP,22,05/20/2022 12:00:00 AM
2022-05-23T07-42-39,32159,CVS Store #17147,NLP,NLP,NLP,24,05/20/2022 12:00:00 AM
2022-05-23T07-42-39,32159,WALGREENS STORE #05432,NLP,NLP,NLP,21,05/19/2022 12:00:00 AM
2022-05-23T07-42-39,32159,UF HEALTH THE VILLAGES HOSPITAL,NLP,NLP,NLP,384,05/18/2022 12:00:00 AM
2022-05-23T07-42-39,32159,CVS Store #05120,NLP,NLP,NLP,22,05/20/2022 12:00:00 AM
2022-05-23T07-42-39,32159,CVS Store #17147,NLP,NLP,NLP,24,05/20/2022 12:00:00 AM
2022-05-23T07-42-39,32159,WALGREENS STORE #05432,NLP,NLP,NLP,21,05/19/2022 12:00:00 AM
2022-05-23T07-42-39,32159,UF HEALTH THE VILLAGES HOSPITAL,NLP,NLP,NLP,384,05/18/2022 12:00:00 AM
2022-05-23T07-42-39,32159,CVS Store #05120,NLP,NLP,NLP,22,05/20/2022 12:00:00 AM
2022-05-23T07-42-39,32159,CVS Store #17147,NLP,NLP,NLP,24,05/20/2022 12:00:00 AM
2022-05-23T07-42-39,32159,WALGREENS STORE #05432,NLP,NLP,NLP,21,05/19/2022 12:00:00 AM
2022-05-23T07-42-39,32159,UF HEALTH THE VILLAGES HOSPITAL,NLP,NLP,NLP,384,05/18/2022 12:00:00 AM
2022-05-23T07-42-39,32159,CVS Store #05120,NLP,NLP,NLP,22,05/20/2022 12:00:00 AM
2022-05-23T07-42-39,32159,CVS Store #17147,NLP,NLP,NLP,24,05/20/2022 12:00:00 AM
2022-05-23T07-42-39,32159,WALGREENS STORE #05432,NLP,NLP,NLP,21,05/19/2022 12:00:00 AM
2022-05-23T07-42-39,32159,UF HEALTH THE VILLAGES HOSPITAL,NLP,NLP,NLP,384,05/18/2022 12:00:00 AM
2022-05-23T07-42-39,32159,CVS Store #05120,NLP,NLP,NLP,22,05/20/2022 12:00:00 AM
2022-05-23T07-42-39,32159,CVS Store #17147,NLP,NLP,NLP,24,05/20/2022 12:00:00 AM
2022-05-23T07-42-39,32159,WALGREENS STORE #05432,NLP,NLP,NLP,21,05/19/2022 12:00:00 AM
2022-05-23T07-42-39,32159,UF HEALTH THE VILLAGES HOSPITAL,NLP,NLP,NLP,384,05/18/2022 12:00:00 AM
2022-05-23T07-42-39,32159,CVS Store #05120,NLP,NLP,NLP,22,05/20/2022 12:00:00 AM
2022-05-23T07-42-39,32159,CVS Store #17147,NLP,NLP,NLP,24,05/20/2022 12:00:00 AM
2022-05-23T07-42-39,32159,WALGREENS STORE #05432,NLP,NLP,NLP,21,05/19/2022 12:00:00 AM
2022-05-23T07-42-39,32159,UF HEALTH THE VILLAGES HOSPITAL,NLP,NLP,NLP,384,05/18/2022 12:00:00 AM
2022-05-23T07-42-39,32159,CVS Store #05120,NLP,NLP,NLP,22,05/20/2022 12:00:00 AM
2022-05-23T07-42-39,32159,CVS Store #17147,NLP,NLP,NLP,24,05/20/2022 12:00:00 AM
2022-05-23T07-42-39,32159,WALGREENS STORE #05432,NLP,NLP,NLP,21,05/19/2022 12:00:00 AM
2022-05-23T07-42-39,32159,UF HEALTH THE VILLAGES HOSPITAL,NLP,NLP,NLP,384,05/18/2022 12:00:00 AM
2022-05-23T07-42-39,32159,CVS Store #05120,NLP,NLP,NLP,22,05/20/2022 12:00:00 AM
2022-05-23T07-42-39,32159,CVS Store #17147,NLP,NLP,NLP,24,05/20/2022 12:00:00 AM
2022-05-23T07-42-39,32159,WALGREENS STORE #05432,NLP,NLP,NLP,21,05/19/2022 12:00:00 AM
2022-05-23T07-42-39,32159,UF HEALTH THE VILLAGES HOSPITAL,NLP,NLP,NLP,384,05/18/2022 12:00:00 AM
2022-05-23T07-42-39,32159,CVS Store #05120,NLP,NLP,NLP,22,05/20/2022 12:00:00 AM
2022-05-23T07-42-39,32159,CVS Store #17147,NLP,NLP,NLP,24,05/20/2022 12:00:00 AM
2022-05-23T07-42-39,32159,WALGREENS STORE #05432,NLP,NLP,NLP,21,05/19/2022 12:00:00 AM
2022-05-24T05-46-03,32159,The Villages Regional Hospital,NLP,NLP,NLP,384,05/23/2022 12:00:00 AM
2022-05-24T05-46-03,32159,UF HEALTH THE VILLAGES HOSPITAL,NLP,NLP,NLP,384,05/23/2022 12:00:00 AM
2022-05-24T05-46-03,32159,CVS Store #05120,NLP,NLP,NLP,22,05/23/2022 12:00:00 AM
2022-05-24T05-46-03,32159,CVS Store #17147,NLP,NLP,NLP,24,05/23/2022 12:00:00 AM
2022-05-24T05-46-03,32159,WALGREENS STORE #05432,NLP,NLP,NLP,21,05/23/2022 12:00:00 AM
2022-05-24T05-46-03,32159,The Villages Regional Hospital,NLP,NLP,NLP,384,05/23/2022 12:00:00 AM
2022-05-24T05-46-03,32159,UF HEALTH THE VILLAGES HOSPITAL,NLP,NLP,NLP,384,05/23/2022 12:00:00 AM
2022-05-24T05-46-03,32159,CVS Store #05120,NLP,NLP,NLP,22,05/23/2022 12:00:00 AM
2022-05-24T05-46-03,32159,CVS Store #17147,NLP,NLP,NLP,24,05/23/2022 12:00:00 AM
2022-05-24T05-46-03,32159,WALGREENS STORE #05432,NLP,NLP,NLP,21,05/23/2022 12:00:00 AM
2022-05-24T05-46-03,32159,The Villages Regional Hospital,NLP,NLP,NLP,384,05/23/2022 12:00:00 AM
2022-05-24T05-46-03,32159,UF HEALTH THE VILLAGES HOSPITAL,NLP,NLP,NLP,384,05/23/2022 12:00:00 AM
2022-05-24T05-46-03,32159,CVS Store #05120,NLP,NLP,NLP,22,05/23/2022 12:00:00 AM
2022-05-24T05-46-03,32159,CVS Store #17147,NLP,NLP,NLP,24,05/23/2022 12:00:00 AM
2022-05-24T05-46-03,32159,WALGREENS STORE #05432,NLP,NLP,NLP,21,05/23/2022 12:00:00 AM
2022-05-24T05-46-03,32159,The Villages Regional Hospital,NLP,NLP,NLP,384,05/23/2022 12:00:00 AM
2022-05-24T05-46-03,32159,UF HEALTH THE VILLAGES HOSPITAL,NLP,NLP,NLP,384,05/23/2022 12:00:00 AM
2022-05-24T05-46-03,32159,CVS Store #05120,NLP,NLP,NLP,22,05/23/2022 12:00:00 AM
2022-05-24T05-46-03,32159,CVS Store #17147,NLP,NLP,NLP,24,05/23/2022 12:00:00 AM
2022-05-24T05-46-03,32159,WALGREENS STORE #05432,NLP,NLP,NLP,21,05/23/2022 12:00:00 AM
2022-05-24T05-46-03,32159,The Villages Regional Hospital,NLP,NLP,NLP,384,05/23/2022 12:00:00 AM
2022-05-24T05-46-03,32159,UF HEALTH THE VILLAGES HOSPITAL,NLP,NLP,NLP,384,05/23/2022 12:00:00 AM
2022-05-24T05-46-03,32159,CVS Store #05120,NLP,NLP,NLP,22,05/23/2022 12:00:00 AM
2022-05-24T05-46-03,32159,CVS Store #17147,NLP,NLP,NLP,24,05/23/2022 12:00:00 AM
2022-05-24T05-46-03,32159,WALGREENS STORE #05432,NLP,NLP,NLP,21,05/23/2022 12:00:00 AM
2022-05-24T05-46-03,32159,The Villages Regional Hospital,NLP,NLP,NLP,384,05/23/2022 12:00:00 AM
2022-05-24T05-46-03,32159,UF HEALTH THE VILLAGES HOSPITAL,NLP,NLP,NLP,384,05/23/2022 12:00:00 AM
2022-05-24T05-46-03,32159,CVS Store #05120,NLP,NLP,NLP,22,05/23/2022 12:00:00 AM
2022-05-24T05-46-03,32159,CVS Store #17147,NLP,NLP,NLP,24,05/23/2022 12:00:00 AM
2022-05-24T05-46-03,32159,WALGREENS STORE #05432,NLP,NLP,NLP,21,05/23/2022 12:00:00 AM
2022-05-24T05-46-03,32159,The Villages Regional Hospital,NLP,NLP,NLP,384,05/23/2022 12:00:00 AM
2022-05-24T05-46-03,32159,UF HEALTH THE VILLAGES HOSPITAL,NLP,NLP,NLP,384,05/23/2022 12:00:00 AM
2022-05-24T05-46-03,32159,CVS Store #05120,NLP,NLP,NLP,22,05/23/2022 12:00:00 AM
2022-05-24T05-46-03,32159,CVS Store #17147,NLP,NLP,NLP,24,05/23/2022 12:00:00 AM
2022-05-24T05-46-03,32159,WALGREENS STORE #05432,NLP,NLP,NLP,21,05/23/2022 12:00:00 AM
2022-05-24T05-46-03,32159,The Villages Regional Hospital,NLP,NLP,NLP,384,05/23/2022 12:00:00 AM
2022-05-24T05-46-03,32159,UF HEALTH THE VILLAGES HOSPITAL,NLP,NLP,NLP,384,05/23/2022 12:00:00 AM
2022-05-24T05-46-03,32159,CVS Store #05120,NLP,NLP,NLP,22,05/23/2022 12:00:00 AM
2022-05-24T05-46-03,32159,CVS Store #17147,NLP,NLP,NLP,24,05/23/2022 12:00:00 AM
2022-05-24T05-46-03,32159,WALGREENS STORE #05432,NLP,NLP,NLP,21,05/23/2022 12:00:00 AM
2022-05-24T05-46-03,32159,The Villages Regional Hospital,NLP,NLP,NLP,384,05/23/2022 12:00:00 AM
2022-05-24T05-46-03,32159,UF HEALTH THE VILLAGES HOSPITAL,NLP,NLP,NLP,384,05/23/2022 12:00:00 AM
2022-05-24T05-46-03,32159,CVS Store #05120,NLP,NLP,NLP,22,05/23/2022 12:00:00 AM
2022-05-24T05-46-03,32159,CVS Store #17147,NLP,NLP,NLP,24,05/23/2022 12:00:00 AM
2022-05-24T05-46-03,32159,WALGREENS STORE #05432,NLP,NLP,NLP,21,05/23/2022 12:00:00 AM
2022-05-24T05-46-03,32159,The Villages Regional Hospital,NLP,NLP,NLP,384,05/23/2022 12:00:00 AM
2022-05-24T05-46-03,32159,UF HEALTH THE VILLAGES HOSPITAL,NLP,NLP,NLP,384,05/23/2022 12:00:00 AM
2022-05-24T05-46-03,32159,CVS Store #05120,NLP,NLP,NLP,22,05/23/2022 12:00:00 AM
2022-05-24T05-46-03,32159,CVS Store #17147,NLP,NLP,NLP,24,05/23/2022 12:00:00 AM
2022-05-24T05-46-03,32159,WALGREENS STORE #05432,NLP,NLP,NLP,21,05/23/2022 12:00:00 AM
2022-05-24T05-46-03,32159,The Villages Regional Hospital,NLP,NLP,NLP,384,05/23/2022 12:00:00 AM
2022-05-24T05-46-03,32159,UF HEALTH THE VILLAGES HOSPITAL,NLP,NLP,NLP,384,05/23/2022 12:00:00 AM
2022-05-24T05-46-03,32159,CVS Store #05120,NLP,NLP,NLP,22,05/23/2022 12:00:00 AM
2022-05-24T05-46-03,32159,CVS Store #17147,NLP,NLP,NLP,24,05/23/2022 12:00:00 AM
2022-05-24T05-46-03,32159,WALGREENS STORE #05432,NLP,NLP,NLP,21,05/23/2022 12:00:00 AM
2022-05-24T05-46-03,32159,The Villages Regional Hospital,NLP,NLP,NLP,384,05/23/2022 12:00:00 AM
2022-05-24T05-46-03,32159,UF HEALTH THE VILLAGES HOSPITAL,NLP,NLP,NLP,384,05/23/2022 12:00:00 AM
2022-05-24T05-46-03,32159,CVS Store #05120,NLP,NLP,NLP,22,05/23/2022 12:00:00 AM
2022-05-24T05-46-03,32159,CVS Store #17147,NLP,NLP,NLP,24,05/23/2022 12:00:00 AM
2022-05-24T05-46-03,32159,WALGREENS STORE #05432,NLP,NLP,NLP,21,05/23/2022 12:00:00 AM
2022-05-24T05-46-03,32159,The Villages Regional Hospital,NLP,NLP,NLP,384,05/23/2022 12:00:00 AM
2022-05-24T05-46-03,32159,UF HEALTH THE VILLAGES HOSPITAL,NLP,NLP,NLP,384,05/23/2022 12:00:00 AM
2022-05-24T05-46-03,32159,CVS Store #05120,NLP,NLP,NLP,22,05/23/2022 12:00:00 AM
2022-05-24T05-46-03,32159,CVS Store #17147,NLP,NLP,NLP,24,05/23/2022 12:00:00 AM
2022-05-24T05-46-03,32159,WALGREENS STORE #05432,NLP,NLP,NLP,21,05/23/2022 12:00:00 AM
2022-05-24T05-46-03,32159,The Villages Regional Hospital,NLP,NLP,NLP,384,05/23/2022 12:00:00 AM
2022-05-24T05-46-03,32159,UF HEALTH THE VILLAGES HOSPITAL,NLP,NLP,NLP,384,05/23/2022 12:00:00 AM
2022-05-24T05-46-03,32159,CVS Store #05120,NLP,NLP,NLP,22,05/23/2022 12:00:00 AM
2022-05-24T05-46-03,32159,CVS Store #17147,NLP,NLP,NLP,24,05/23/2022 12:00:00 AM
2022-05-24T05-46-03,32159,WALGREENS STORE #05432,NLP,NLP,NLP,21,05/23/2022 12:00:00 AM
2022-05-24T05-46-03,32159,The Villages Regional Hospital,NLP,NLP,NLP,384,05/23/2022 12:00:00 AM
2022-05-24T05-46-03,32159,UF HEALTH THE VILLAGES HOSPITAL,NLP,NLP,NLP,384,05/23/2022 12:00:00 AM
2022-05-24T05-46-03,32159,CVS Store #05120,NLP,NLP,NLP,22,05/23/2022 12:00:00 AM
2022-05-24T05-46-03,32159,CVS Store #17147,NLP,NLP,NLP,24,05/23/2022 12:00:00 AM
2022-05-24T05-46-03,32159,WALGREENS STORE #05432,NLP,NLP,NLP,21,05/23/2022 12:00:00 AM
2022-05-24T05-46-03,32159,The Villages Regional Hospital,NLP,NLP,NLP,384,05/23/2022 12:00:00 AM
2022-05-24T05-46-03,32159,UF HEALTH THE VILLAGES HOSPITAL,NLP,NLP,NLP,384,05/23/2022 12:00:00 AM
2022-05-24T05-46-03,32159,CVS Store #05120,NLP,NLP,NLP,22,05/23/2022 12:00:00 AM
2022-05-24T05-46-03,32159,CVS Store #17147,NLP,NLP,NLP,24,05/23/2022 12:00:00 AM
2022-05-24T05-46-03,32159,WALGREENS STORE #05432,NLP,NLP,NLP,21,05/23/2022 12:00:00 AM
2022-05-24T05-46-03,32159,The Villages Regional Hospital,NLP,NLP,NLP,384,05/23/2022 12:00:00 AM
2022-05-24T05-46-03,32159,UF HEALTH THE VILLAGES HOSPITAL,NLP,NLP,NLP,384,05/23/2022 12:00:00 AM
2022-05-24T05-46-03,32159,CVS Store #05120,NLP,NLP,NLP,22,05/23/2022 12:00:00 AM
2022-05-24T05-46-03,32159,CVS Store #17147,NLP,NLP,NLP,24,05/23/2022 12:00:00 AM
2022-05-24T05-46-03,32159,WALGREENS STORE #05432,NLP,NLP,NLP,21,05/23/2022 12:00:00 AM
2022-05-24T05-46-03,32159,The Villages Regional Hospital,NLP,NLP,NLP,384,05/23/2022 12:00:00 AM
2022-05-24T05-46-03,32159,UF HEALTH THE VILLAGES HOSPITAL,NLP,NLP,NLP,384,05/23/2022 12:00:00 AM
2022-05-24T05-46-03,32159,CVS Store #05120,NLP,NLP,NLP,22,05/23/2022 12:00:00 AM
2022-05-24T05-46-03,32159,CVS Store #17147,NLP,NLP,NLP,24,05/23/2022 12:00:00 AM
2022-05-24T05-46-03,32159,WALGREENS STORE #05432,NLP,NLP,NLP,21,05/23/2022 12:00:00 AM
2022-05-24T05-46-03,32159,The Villages Regional Hospital,NLP,NLP,NLP,384,05/23/2022 12:00:00 AM
2022-05-24T05-46-03,32159,UF HEALTH THE VILLAGES HOSPITAL,NLP,NLP,NLP,384,05/23/2022 12:00:00 AM
2022-05-24T05-46-03,32159,CVS Store #05120,NLP,NLP,NLP,22,05/23/2022 12:00:00 AM
2022-05-24T05-46-03,32159,CVS Store #17147,NLP,NLP,NLP,24,05/23/2022 12:00:00 AM
2022-05-24T05-46-03,32159,WALGREENS STORE #05432,NLP,NLP,NLP,21,05/23/2022 12:00:00 AM
2022-05-24T05-46-03,32159,The Villages Regional Hospital,NLP,NLP,NLP,384,05/23/2022 12:00:00 AM
2022-05-24T05-46-03,32159,UF HEALTH THE VILLAGES HOSPITAL,NLP,NLP,NLP,384,05/23/2022 12:00:00 AM
2022-05-24T05-46-03,32159,CVS Store #05120,NLP,NLP,NLP,22,05/23/2022 12:00:00 AM
2022-05-24T05-46-03,32159,CVS Store #17147,NLP,NLP,NLP,24,05/23/2022 12:00:00 AM
2022-05-24T05-46-03,32159,WALGREENS STORE #05432,NLP,NLP,NLP,21,05/23/2022 12:00:00 AM
2022-05-24T05-46-03,32159,The Villages Regional Hospital,NLP,NLP,NLP,384,05/23/2022 12:00:00 AM
2022-05-24T05-46-03,32159,UF HEALTH THE VILLAGES HOSPITAL,NLP,NLP,NLP,384,05/23/2022 12:00:00 AM
2022-05-24T05-46-03,32159,CVS Store #05120,NLP,NLP,NLP,22,05/23/2022 12:00:00 AM
2022-05-24T05-46-03,32159,CVS Store #17147,NLP,NLP,NLP,24,05/23/2022 12:00:00 AM
2022-05-24T05-46-03,32159,WALGREENS STORE #05432,NLP,NLP,NLP,21,05/23/2022 12:00:00 AM
2022-05-24T05-46-03,32159,The Villages Regional Hospital,NLP,NLP,NLP,384,05/23/2022 12:00:00 AM
2022-05-24T05-46-03,32159,UF HEALTH THE VILLAGES HOSPITAL,NLP,NLP,NLP,384,05/23/2022 12:00:00 AM
2022-05-24T05-46-03,32159,CVS Store #05120,NLP,NLP,NLP,22,05/23/2022 12:00:00 AM
2022-05-24T05-46-03,32159,CVS Store #17147,NLP,NLP,NLP,24,05/23/2022 12:00:00 AM
2022-05-24T05-46-03,32159,WALGREENS STORE #05432,NLP,NLP,NLP,21,05/23/2022 12:00:00 AM
2022-05-25T05-39-27,32159,CVS Store #05120,NLP,NLP,NLP,22,05/24/2022 12:00:00 AM
2022-05-25T05-39-27,32159,The Villages Regional Hospital,NLP,NLP,NLP,384,05/23/2022 12:00:00 AM
2022-05-25T05-39-27,32159,UF HEALTH THE VILLAGES HOSPITAL,NLP,NLP,NLP,384,05/24/2022 12:00:00 AM
2022-05-25T05-39-27,32159,CVS Store #17147,NLP,NLP,NLP,24,05/24/2022 12:00:00 AM
2022-05-25T05-39-27,32159,WALGREENS STORE #05432,NLP,NLP,NLP,21,05/24/2022 12:00:00 AM
2022-05-25T05-39-27,32159,CVS Store #05120,NLP,NLP,NLP,22,05/24/2022 12:00:00 AM
2022-05-25T05-39-27,32159,The Villages Regional Hospital,NLP,NLP,NLP,384,05/23/2022 12:00:00 AM
2022-05-25T05-39-27,32159,UF HEALTH THE VILLAGES HOSPITAL,NLP,NLP,NLP,384,05/24/2022 12:00:00 AM
2022-05-25T05-39-27,32159,CVS Store #17147,NLP,NLP,NLP,24,05/24/2022 12:00:00 AM
2022-05-25T05-39-27,32159,WALGREENS STORE #05432,NLP,NLP,NLP,21,05/24/2022 12:00:00 AM
2022-05-25T05-39-27,32159,CVS Store #05120,NLP,NLP,NLP,22,05/24/2022 12:00:00 AM
2022-05-25T05-39-27,32159,The Villages Regional Hospital,NLP,NLP,NLP,384,05/23/2022 12:00:00 AM
2022-05-25T05-39-27,32159,UF HEALTH THE VILLAGES HOSPITAL,NLP,NLP,NLP,384,05/24/2022 12:00:00 AM
2022-05-25T05-39-27,32159,CVS Store #17147,NLP,NLP,NLP,24,05/24/2022 12:00:00 AM
2022-05-25T05-39-27,32159,WALGREENS STORE #05432,NLP,NLP,NLP,21,05/24/2022 12:00:00 AM
2022-05-25T05-39-27,32159,CVS Store #05120,NLP,NLP,NLP,22,05/24/2022 12:00:00 AM
2022-05-25T05-39-27,32159,The Villages Regional Hospital,NLP,NLP,NLP,384,05/23/2022 12:00:00 AM
2022-05-25T05-39-27,32159,UF HEALTH THE VILLAGES HOSPITAL,NLP,NLP,NLP,384,05/24/2022 12:00:00 AM
2022-05-25T05-39-27,32159,CVS Store #17147,NLP,NLP,NLP,24,05/24/2022 12:00:00 AM
2022-05-25T05-39-27,32159,WALGREENS STORE #05432,NLP,NLP,NLP,21,05/24/2022 12:00:00 AM
2022-05-25T05-39-27,32159,CVS Store #05120,NLP,NLP,NLP,22,05/24/2022 12:00:00 AM
2022-05-25T05-39-27,32159,The Villages Regional Hospital,NLP,NLP,NLP,384,05/23/2022 12:00:00 AM
2022-05-25T05-39-27,32159,UF HEALTH THE VILLAGES HOSPITAL,NLP,NLP,NLP,384,05/24/2022 12:00:00 AM
2022-05-25T05-39-27,32159,CVS Store #17147,NLP,NLP,NLP,24,05/24/2022 12:00:00 AM
2022-05-25T05-39-27,32159,WALGREENS STORE #05432,NLP,NLP,NLP,21,05/24/2022 12:00:00 AM
2022-05-25T05-39-27,32159,CVS Store #05120,NLP,NLP,NLP,22,05/24/2022 12:00:00 AM
2022-05-25T05-39-27,32159,The Villages Regional Hospital,NLP,NLP,NLP,384,05/23/2022 12:00:00 AM
2022-05-25T05-39-27,32159,UF HEALTH THE VILLAGES HOSPITAL,NLP,NLP,NLP,384,05/24/2022 12:00:00 AM
2022-05-25T05-39-27,32159,CVS Store #17147,NLP,NLP,NLP,24,05/24/2022 12:00:00 AM
2022-05-25T05-39-27,32159,WALGREENS STORE #05432,NLP,NLP,NLP,21,05/24/2022 12:00:00 AM
2022-05-25T05-39-27,32159,CVS Store #05120,NLP,NLP,NLP,22,05/24/2022 12:00:00 AM
2022-05-25T05-39-27,32159,The Villages Regional Hospital,NLP,NLP,NLP,384,05/23/2022 12:00:00 AM
2022-05-25T05-39-27,32159,UF HEALTH THE VILLAGES HOSPITAL,NLP,NLP,NLP,384,05/24/2022 12:00:00 AM
2022-05-25T05-39-27,32159,CVS Store #17147,NLP,NLP,NLP,24,05/24/2022 12:00:00 AM
2022-05-25T05-39-27,32159,WALGREENS STORE #05432,NLP,NLP,NLP,21,05/24/2022 12:00:00 AM
2022-05-25T05-39-27,32159,CVS Store #05120,NLP,NLP,NLP,22,05/24/2022 12:00:00 AM
2022-05-25T05-39-27,32159,The Villages Regional Hospital,NLP,NLP,NLP,384,05/23/2022 12:00:00 AM
2022-05-25T05-39-27,32159,UF HEALTH THE VILLAGES HOSPITAL,NLP,NLP,NLP,384,05/24/2022 12:00:00 AM
2022-05-25T05-39-27,32159,CVS Store #17147,NLP,NLP,NLP,24,05/24/2022 12:00:00 AM
2022-05-25T05-39-27,32159,WALGREENS STORE #05432,NLP,NLP,NLP,21,05/24/2022 12:00:00 AM
2022-05-25T05-39-27,32159,CVS Store #05120,NLP,NLP,NLP,22,05/24/2022 12:00:00 AM
2022-05-25T05-39-27,32159,The Villages Regional Hospital,NLP,NLP,NLP,384,05/23/2022 12:00:00 AM
2022-05-25T05-39-27,32159,UF HEALTH THE VILLAGES HOSPITAL,NLP,NLP,NLP,384,05/24/2022 12:00:00 AM
2022-05-25T05-39-27,32159,CVS Store #17147,NLP,NLP,NLP,24,05/24/2022 12:00:00 AM
2022-05-25T05-39-27,32159,WALGREENS STORE #05432,NLP,NLP,NLP,21,05/24/2022 12:00:00 AM
2022-05-25T05-39-27,32159,CVS Store #05120,NLP,NLP,NLP,22,05/24/2022 12:00:00 AM
2022-05-25T05-39-27,32159,The Villages Regional Hospital,NLP,NLP,NLP,384,05/23/2022 12:00:00 AM
2022-05-25T05-39-27,32159,UF HEALTH THE VILLAGES HOSPITAL,NLP,NLP,NLP,384,05/24/2022 12:00:00 AM
2022-05-25T05-39-27,32159,CVS Store #17147,NLP,NLP,NLP,24,05/24/2022 12:00:00 AM
2022-05-25T05-39-27,32159,WALGREENS STORE #05432,NLP,NLP,NLP,21,05/24/2022 12:00:00 AM
2022-05-25T05-39-27,32159,CVS Store #05120,NLP,NLP,NLP,22,05/24/2022 12:00:00 AM
2022-05-25T05-39-27,32159,The Villages Regional Hospital,NLP,NLP,NLP,384,05/23/2022 12:00:00 AM
2022-05-25T05-39-27,32159,UF HEALTH THE VILLAGES HOSPITAL,NLP,NLP,NLP,384,05/24/2022 12:00:00 AM
2022-05-25T05-39-27,32159,CVS Store #17147,NLP,NLP,NLP,24,05/24/2022 12:00:00 AM
2022-05-25T05-39-27,32159,WALGREENS STORE #05432,NLP,NLP,NLP,21,05/24/2022 12:00:00 AM
2022-05-25T05-39-27,32159,CVS Store #05120,NLP,NLP,NLP,22,05/24/2022 12:00:00 AM
2022-05-25T05-39-27,32159,The Villages Regional Hospital,NLP,NLP,NLP,384,05/23/2022 12:00:00 AM
2022-05-25T05-39-27,32159,UF HEALTH THE VILLAGES HOSPITAL,NLP,NLP,NLP,384,05/24/2022 12:00:00 AM
2022-05-25T05-39-27,32159,CVS Store #17147,NLP,NLP,NLP,24,05/24/2022 12:00:00 AM
2022-05-25T05-39-27,32159,WALGREENS STORE #05432,NLP,NLP,NLP,21,05/24/2022 12:00:00 AM
2022-05-25T05-39-27,32159,CVS Store #05120,NLP,NLP,NLP,22,05/24/2022 12:00:00 AM
2022-05-25T05-39-27,32159,The Villages Regional Hospital,NLP,NLP,NLP,384,05/23/2022 12:00:00 AM
2022-05-25T05-39-27,32159,UF HEALTH THE VILLAGES HOSPITAL,NLP,NLP,NLP,384,05/24/2022 12:00:00 AM
2022-05-25T05-39-27,32159,CVS Store #17147,NLP,NLP,NLP,24,05/24/2022 12:00:00 AM
2022-05-25T05-39-27,32159,WALGREENS STORE #05432,NLP,NLP,NLP,21,05/24/2022 12:00:00 AM
2022-05-25T05-39-27,32159,CVS Store #05120,NLP,NLP,NLP,22,05/24/2022 12:00:00 AM
2022-05-25T05-39-27,32159,The Villages Regional Hospital,NLP,NLP,NLP,384,05/23/2022 12:00:00 AM
2022-05-25T05-39-27,32159,UF HEALTH THE VILLAGES HOSPITAL,NLP,NLP,NLP,384,05/24/2022 12:00:00 AM
2022-05-25T05-39-27,32159,CVS Store #17147,NLP,NLP,NLP,24,05/24/2022 12:00:00 AM
2022-05-25T05-39-27,32159,WALGREENS STORE #05432,NLP,NLP,NLP,21,05/24/2022 12:00:00 AM
2022-05-25T05-39-27,32159,CVS Store #05120,NLP,NLP,NLP,22,05/24/2022 12:00:00 AM
2022-05-25T05-39-27,32159,The Villages Regional Hospital,NLP,NLP,NLP,384,05/23/2022 12:00:00 AM
2022-05-25T05-39-27,32159,UF HEALTH THE VILLAGES HOSPITAL,NLP,NLP,NLP,384,05/24/2022 12:00:00 AM
2022-05-25T05-39-27,32159,CVS Store #17147,NLP,NLP,NLP,24,05/24/2022 12:00:00 AM
2022-05-25T05-39-27,32159,WALGREENS STORE #05432,NLP,NLP,NLP,21,05/24/2022 12:00:00 AM
2022-05-25T05-39-27,32159,CVS Store #05120,NLP,NLP,NLP,22,05/24/2022 12:00:00 AM
2022-05-25T05-39-27,32159,The Villages Regional Hospital,NLP,NLP,NLP,384,05/23/2022 12:00:00 AM
2022-05-25T05-39-27,32159,UF HEALTH THE VILLAGES HOSPITAL,NLP,NLP,NLP,384,05/24/2022 12:00:00 AM
2022-05-25T05-39-27,32159,CVS Store #17147,NLP,NLP,NLP,24,05/24/2022 12:00:00 AM
2022-05-25T05-39-27,32159,WALGREENS STORE #05432,NLP,NLP,NLP,21,05/24/2022 12:00:00 AM
2022-05-25T05-39-27,32159,CVS Store #05120,NLP,NLP,NLP,22,05/24/2022 12:00:00 AM
2022-05-25T05-39-27,32159,The Villages Regional Hospital,NLP,NLP,NLP,384,05/23/2022 12:00:00 AM
2022-05-25T05-39-27,32159,UF HEALTH THE VILLAGES HOSPITAL,NLP,NLP,NLP,384,05/24/2022 12:00:00 AM
2022-05-25T05-39-27,32159,CVS Store #17147,NLP,NLP,NLP,24,05/24/2022 12:00:00 AM
2022-05-25T05-39-27,32159,WALGREENS STORE #05432,NLP,NLP,NLP,21,05/24/2022 12:00:00 AM
2022-05-25T05-39-27,32159,CVS Store #05120,NLP,NLP,NLP,22,05/24/2022 12:00:00 AM
2022-05-25T05-39-27,32159,The Villages Regional Hospital,NLP,NLP,NLP,384,05/23/2022 12:00:00 AM
2022-05-25T05-39-27,32159,UF HEALTH THE VILLAGES HOSPITAL,NLP,NLP,NLP,384,05/24/2022 12:00:00 AM
2022-05-25T05-39-27,32159,CVS Store #17147,NLP,NLP,NLP,24,05/24/2022 12:00:00 AM
2022-05-25T05-39-27,32159,WALGREENS STORE #05432,NLP,NLP,NLP,21,05/24/2022 12:00:00 AM
2022-05-25T05-39-27,32159,CVS Store #05120,NLP,NLP,NLP,22,05/24/2022 12:00:00 AM
2022-05-25T05-39-27,32159,The Villages Regional Hospital,NLP,NLP,NLP,384,05/23/2022 12:00:00 AM
2022-05-25T05-39-27,32159,UF HEALTH THE VILLAGES HOSPITAL,NLP,NLP,NLP,384,05/24/2022 12:00:00 AM
2022-05-25T05-39-27,32159,CVS Store #17147,NLP,NLP,NLP,24,05/24/2022 12:00:00 AM
2022-05-25T05-39-27,32159,WALGREENS STORE #05432,NLP,NLP,NLP,21,05/24/2022 12:00:00 AM
2022-05-25T05-39-27,32159,CVS Store #05120,NLP,NLP,NLP,22,05/24/2022 12:00:00 AM
2022-05-25T05-39-27,32159,The Villages Regional Hospital,NLP,NLP,NLP,384,05/23/2022 12:00:00 AM
2022-05-25T05-39-27,32159,UF HEALTH THE VILLAGES HOSPITAL,NLP,NLP,NLP,384,05/24/2022 12:00:00 AM
2022-05-25T05-39-27,32159,CVS Store #17147,NLP,NLP,NLP,24,05/24/2022 12:00:00 AM
2022-05-25T05-39-27,32159,WALGREENS STORE #05432,NLP,NLP,NLP,21,05/24/2022 12:00:00 AM
2022-05-25T05-39-27,32159,CVS Store #05120,NLP,NLP,NLP,22,05/24/2022 12:00:00 AM
2022-05-25T05-39-27,32159,The Villages Regional Hospital,NLP,NLP,NLP,384,05/23/2022 12:00:00 AM
2022-05-25T05-39-27,32159,UF HEALTH THE VILLAGES HOSPITAL,NLP,NLP,NLP,384,05/24/2022 12:00:00 AM
2022-05-25T05-39-27,32159,CVS Store #17147,NLP,NLP,NLP,24,05/24/2022 12:00:00 AM
2022-05-25T05-39-27,32159,WALGREENS STORE #05432,NLP,NLP,NLP,21,05/24/2022 12:00:00 AM
2022-05-25T05-39-27,32159,CVS Store #05120,NLP,NLP,NLP,22,05/24/2022 12:00:00 AM
2022-05-25T05-39-27,32159,The Villages Regional Hospital,NLP,NLP,NLP,384,05/23/2022 12:00:00 AM
2022-05-25T05-39-27,32159,UF HEALTH THE VILLAGES HOSPITAL,NLP,NLP,NLP,384,05/24/2022 12:00:00 AM
2022-05-25T05-39-27,32159,CVS Store #17147,NLP,NLP,NLP,24,05/24/2022 12:00:00 AM
2022-05-25T05-39-27,32159,WALGREENS STORE #05432,NLP,NLP,NLP,21,05/24/2022 12:00:00 AM
2022-05-25T05-39-27,32159,CVS Store #05120,NLP,NLP,NLP,22,05/24/2022 12:00:00 AM
2022-05-25T05-39-27,32159,The Villages Regional Hospital,NLP,NLP,NLP,384,05/23/2022 12:00:00 AM
2022-05-25T05-39-27,32159,UF HEALTH THE VILLAGES HOSPITAL,NLP,NLP,NLP,384,05/24/2022 12:00:00 AM
2022-05-25T05-39-27,32159,CVS Store #17147,NLP,NLP,NLP,24,05/24/2022 12:00:00 AM
2022-05-25T05-39-27,32159,WALGREENS STORE #05432,NLP,NLP,NLP,21,05/24/2022 12:00:00 AM
2022-05-25T05-39-27,32159,CVS Store #05120,NLP,NLP,NLP,22,05/24/2022 12:00:00 AM
2022-05-25T05-39-27,32159,The Villages Regional Hospital,NLP,NLP,NLP,384,05/23/2022 12:00:00 AM
2022-05-25T05-39-27,32159,UF HEALTH THE VILLAGES HOSPITAL,NLP,NLP,NLP,384,05/24/2022 12:00:00 AM
2022-05-25T05-39-27,32159,CVS Store #17147,NLP,NLP,NLP,24,05/24/2022 12:00:00 AM
2022-05-25T05-39-27,32159,WALGREENS STORE #05432,NLP,NLP,NLP,21,05/24/2022 12:00:00 AM
2022-05-25T05-39-27,32159,CVS Store #05120,NLP,NLP,NLP,22,05/24/2022 12:00:00 AM
2022-05-25T05-39-27,32159,The Villages Regional Hospital,NLP,NLP,NLP,384,05/23/2022 12:00:00 AM
2022-05-25T05-39-27,32159,UF HEALTH THE VILLAGES HOSPITAL,NLP,NLP,NLP,384,05/24/2022 12:00:00 AM
2022-05-25T05-39-27,32159,CVS Store #17147,NLP,NLP,NLP,24,05/24/2022 12:00:00 AM
2022-05-25T05-39-27,32159,WALGREENS STORE #05432,NLP,NLP,NLP,21,05/24/2022 12:00:00 AM
2022-05-26T07-59-29,32159,CVS Store #05120,NLP,NLP,NLP,22,05/24/2022 12:00:00 AM
2022-05-26T07-59-29,32159,UF HEALTH THE VILLAGES HOSPITAL,NLP,NLP,NLP,384,05/25/2022 12:00:00 AM
2022-05-26T07-59-29,32159,The Villages Regional Hospital,NLP,NLP,NLP,384,05/23/2022 12:00:00 AM
2022-05-26T07-59-29,32159,CVS Store #17147,NLP,NLP,NLP,24,05/24/2022 12:00:00 AM
2022-05-26T07-59-29,32159,WALGREENS STORE #05432,NLP,NLP,NLP,21,05/25/2022 12:00:00 AM
2022-05-26T07-59-29,32159,CVS Store #05120,NLP,NLP,NLP,22,05/24/2022 12:00:00 AM
2022-05-26T07-59-29,32159,UF HEALTH THE VILLAGES HOSPITAL,NLP,NLP,NLP,384,05/25/2022 12:00:00 AM
2022-05-26T07-59-29,32159,The Villages Regional Hospital,NLP,NLP,NLP,384,05/23/2022 12:00:00 AM
2022-05-26T07-59-29,32159,CVS Store #17147,NLP,NLP,NLP,24,05/24/2022 12:00:00 AM
2022-05-26T07-59-29,32159,WALGREENS STORE #05432,NLP,NLP,NLP,21,05/25/2022 12:00:00 AM
2022-05-26T07-59-29,32159,CVS Store #05120,NLP,NLP,NLP,22,05/24/2022 12:00:00 AM
2022-05-26T07-59-29,32159,UF HEALTH THE VILLAGES HOSPITAL,NLP,NLP,NLP,384,05/25/2022 12:00:00 AM
2022-05-26T07-59-29,32159,The Villages Regional Hospital,NLP,NLP,NLP,384,05/23/2022 12:00:00 AM
2022-05-26T07-59-29,32159,CVS Store #17147,NLP,NLP,NLP,24,05/24/2022 12:00:00 AM
2022-05-26T07-59-29,32159,WALGREENS STORE #05432,NLP,NLP,NLP,21,05/25/2022 12:00:00 AM
2022-05-27T05-48-57,32159,CVS Store #05120,NLP,NLP,NLP,22,05/26/2022 12:00:00 AM
2022-05-27T05-48-57,32159,UF HEALTH THE VILLAGES HOSPITAL,NLP,NLP,NLP,384,05/26/2022 12:00:00 AM
2022-05-27T05-48-57,32159,The Villages Regional Hospital,NLP,NLP,NLP,384,05/23/2022 12:00:00 AM
2022-05-27T05-48-57,32159,CVS Store #17147,NLP,NLP,NLP,24,05/26/2022 12:00:00 AM
2022-05-27T05-48-57,32159,WALGREENS STORE #05432,NLP,NLP,NLP,19,05/26/2022 12:00:00 AM
2022-05-28T05-34-18,32159,The Villages Regional Hospital,NLP,NLP,NLP,384,05/23/2022 12:00:00 AM
2022-05-28T05-34-18,32159,CVS Store #05120,NLP,NLP,NLP,22,05/27/2022 12:00:00 AM
2022-05-28T05-34-18,32159,UF HEALTH THE VILLAGES HOSPITAL,NLP,NLP,NLP,384,05/26/2022 12:00:00 AM
2022-05-28T05-34-18,32159,CVS Store #17147,NLP,NLP,NLP,24,05/27/2022 12:00:00 AM
2022-05-28T05-34-18,32159,WALGREENS STORE #05432,NLP,NLP,NLP,19,05/26/2022 12:00:00 AM
2022-05-29T05-31-58,32159,CVS Store #05120,NLP,NLP,NLP,22,05/27/2022 12:00:00 AM
2022-05-29T05-31-58,32159,UF HEALTH THE VILLAGES HOSPITAL,NLP,NLP,NLP,384,05/26/2022 12:00:00 AM
2022-05-29T05-31-58,32159,The Villages Regional Hospital,NLP,NLP,NLP,384,05/23/2022 12:00:00 AM
2022-05-29T05-31-58,32159,CVS Store #17147,NLP,NLP,NLP,24,05/27/2022 12:00:00 AM
2022-05-29T05-31-58,32159,WALGREENS STORE #05432,NLP,NLP,NLP,19,05/26/2022 12:00:00 AM
2022-05-30T05-32-42,32159,The Villages Regional Hospital,NLP,NLP,NLP,384,05/23/2022 12:00:00 AM
2022-05-30T05-32-42,32159,UF HEALTH THE VILLAGES HOSPITAL,NLP,NLP,NLP,384,05/26/2022 12:00:00 AM
2022-05-30T05-32-42,32159,CVS Store #05120,NLP,NLP,NLP,22,05/27/2022 12:00:00 AM
2022-05-30T05-32-42,32159,CVS Store #17147,NLP,NLP,NLP,24,05/27/2022 12:00:00 AM
2022-05-30T05-32-42,32159,WALGREENS STORE #05432,NLP,NLP,NLP,19,05/26/2022 12:00:00 AM
2022-05-31T08-56-01,32159,UF HEALTH THE VILLAGES HOSPITAL,NLP,NLP,NLP,384,05/30/2022 12:00:00 AM
2022-05-31T08-56-01,32159,The Villages Regional Hospital,NLP,NLP,NLP,384,05/23/2022 12:00:00 AM
2022-05-31T08-56-01,32159,CVS Store #05120,NLP,NLP,NLP,22,05/27/2022 12:00:00 AM
2022-05-31T08-56-01,32159,CVS Store #17147,NLP,NLP,NLP,24,05/27/2022 12:00:00 AM
2022-05-31T08-56-01,32159,WALGREENS STORE #05432,NLP,NLP,NLP,19,05/26/2022 12:00:00 AM
2022-06-01T05-37-50,32159,The Villages Regional Hospital,NLP,NLP,NLP,384,05/23/2022 12:00:00 AM
2022-06-01T05-37-50,32159,CVS Store #05120,NLP,NLP,NLP,22,05/31/2022 12:00:00 AM
2022-06-01T05-37-50,32159,CVS Store #17147,NLP,NLP,NLP,24,05/31/2022 12:00:00 AM
2022-06-01T05-37-50,32159,UF HEALTH THE VILLAGES HOSPITAL,NLP,NLP,NLP,384,05/30/2022 12:00:00 AM
2022-06-01T05-37-50,32159,WALGREENS STORE #05432,NLP,NLP,NLP,19,05/26/2022 12:00:00 AM
2022-06-02T07-54-10,32159,UF HEALTH THE VILLAGES HOSPITAL,NLP,NLP,NLP,384,06/01/2022 12:00:00 AM
2022-06-02T07-54-10,32159,CVS Store #05120,NLP,NLP,NLP,22,05/31/2022 12:00:00 AM
2022-06-02T07-54-10,32159,The Villages Regional Hospital,NLP,NLP,NLP,384,05/23/2022 12:00:00 AM
2022-06-02T07-54-10,32159,CVS Store #17147,NLP,NLP,NLP,24,05/31/2022 12:00:00 AM
2022-06-02T07-54-10,32159,WALGREENS STORE #06723,NLP,NLP,NLP,48,06/01/2022 12:00:00 AM
2022-06-02T07-54-10,32159,WALGREENS STORE #05432,NLP,NLP,NLP,19,06/01/2022 12:00:00 AM
2022-06-03T08-50-11,32159,UF HEALTH THE VILLAGES HOSPITAL,NLP,NLP,NLP,384,06/01/2022 12:00:00 AM
2022-06-03T08-50-11,32159,CVS Store #05120,NLP,NLP,NLP,22,05/31/2022 12:00:00 AM
2022-06-03T08-50-11,32159,The Villages Regional Hospital,NLP,NLP,NLP,384,05/23/2022 12:00:00 AM
2022-06-03T08-50-11,32159,CVS Store #17147,NLP,NLP,NLP,24,05/31/2022 12:00:00 AM
2022-06-03T08-50-11,32159,WALGREENS STORE #06723,NLP,NLP,NLP,48,06/01/2022 12:00:00 AM
2022-06-03T08-50-11,32159,WALGREENS STORE #05432,NLP,NLP,NLP,19,06/01/2022 12:00:00 AM
2022-06-04T19-11-08,32159,CVS Store #17147,NLP,NLP,NLP,24,06/03/2022 12:00:00 AM
2022-06-04T19-11-08,32159,CVS Store #05120,NLP,NLP,NLP,22,06/03/2022 12:00:00 AM
2022-06-04T19-11-08,32159,WALGREENS STORE #06723,NLP,NLP,NLP,96,06/03/2022 12:00:00 AM
2022-06-04T19-11-08,32159,The Villages Regional Hospital,NLP,NLP,NLP,384,05/23/2022 12:00:00 AM
2022-06-04T19-11-08,32159,WALGREENS STORE #05432,NLP,NLP,NLP,38,06/03/2022 12:00:00 AM
2022-06-04T19-11-08,32159,UF HEALTH THE VILLAGES HOSPITAL,NLP,NLP,NLP,384,06/03/2022 12:00:00 AM
2022-06-05T08-48-25,32159,CVS Store #17147,NLP,NLP,NLP,24,06/03/2022 12:00:00 AM
2022-06-05T08-48-25,32159,WALGREENS STORE #06723,NLP,NLP,NLP,96,06/03/2022 12:00:00 AM
2022-06-05T08-48-25,32159,CVS Store #05120,NLP,NLP,NLP,22,06/03/2022 12:00:00 AM
2022-06-05T08-48-25,32159,WALGREENS STORE #05432,NLP,NLP,NLP,38,06/03/2022 12:00:00 AM
2022-06-05T08-48-25,32159,The Villages Regional Hospital,NLP,NLP,NLP,384,05/23/2022 12:00:00 AM
2022-06-05T08-48-25,32159,UF HEALTH THE VILLAGES HOSPITAL,NLP,NLP,NLP,384,06/03/2022 12:00:00 AM
2022-06-06T06-32-51,32159,CVS Store #17147,NLP,NLP,NLP,24,06/03/2022 12:00:00 AM
2022-06-06T06-32-51,32159,WALGREENS STORE #06723,NLP,NLP,NLP,96,06/03/2022 12:00:00 AM
2022-06-06T06-32-51,32159,CVS Store #05120,NLP,NLP,NLP,22,06/03/2022 12:00:00 AM
2022-06-06T06-32-51,32159,WALGREENS STORE #05432,NLP,NLP,NLP,38,06/03/2022 12:00:00 AM
2022-06-06T06-32-51,32159,UF HEALTH THE VILLAGES HOSPITAL,NLP,NLP,NLP,384,06/03/2022 12:00:00 AM
2022-06-06T06-32-51,32159,The Villages Regional Hospital,NLP,NLP,NLP,384,05/23/2022 12:00:00 AM
2022-06-07T05-36-41,32159,WALGREENS STORE #05432,NLP,NLP,NLP,19,06/06/2022 12:00:00 AM
2022-06-07T05-36-41,32159,UF HEALTH THE VILLAGES HOSPITAL,NLP,NLP,NLP,384,06/06/2022 12:00:00 AM
2022-06-07T05-36-41,32159,CVS Store #05120,NLP,NLP,NLP,22,06/06/2022 12:00:00 AM
2022-06-07T05-36-41,32159,WALGREENS STORE #06723,NLP,NLP,NLP,48,06/06/2022 12:00:00 AM
2022-06-07T05-36-41,32159,CVS Store #17147,NLP,NLP,NLP,24,06/06/2022 12:00:00 AM
2022-06-08T05-42-02,32159,UF HEALTH THE VILLAGES HOSPITAL,NLP,NLP,NLP,384,06/07/2022 12:00:00 AM
2022-06-08T05-42-02,32159,WALGREENS STORE #05432,NLP,NLP,NLP,19,06/07/2022 12:00:00 AM
2022-06-08T05-42-02,32159,CVS Store #05120,NLP,NLP,NLP,22,06/07/2022 12:00:00 AM
2022-06-08T05-42-02,32159,CVS Store #17147,NLP,NLP,NLP,24,06/07/2022 12:00:00 AM
2022-06-08T05-42-02,32159,WALGREENS STORE #06723,NLP,NLP,NLP,48,06/07/2022 12:00:00 AM
2022-06-09T04-15-20,32159,WALGREENS STORE #06723,NLP,NLP,NLP,48,06/07/2022 12:00:00 AM
2022-06-09T04-15-20,32159,WALGREENS STORE #05432,NLP,NLP,NLP,19,06/07/2022 12:00:00 AM
2022-06-09T04-15-20,32159,CVS Store #17147,NLP,NLP,NLP,24,06/08/2022 12:00:00 AM
2022-06-09T04-15-20,32159,CVS Store #05120,NLP,NLP,NLP,22,06/08/2022 12:00:00 AM
2022-06-09T04-15-20,32159,UF HEALTH THE VILLAGES HOSPITAL,NLP,NLP,NLP,384,06/08/2022 12:00:00 AM
2022-06-10T04-15-36,32159,CVS Store #05120,NLP,NLP,NLP,22,06/09/2022 12:00:00 AM
2022-06-10T04-15-36,32159,WALGREENS STORE #05432,NLP,NLP,NLP,19,06/09/2022 12:00:00 AM
2022-06-10T04-15-36,32159,WALGREENS STORE #06723,NLP,NLP,NLP,48,06/09/2022 12:00:00 AM
2022-06-10T04-15-36,32159,CVS Store #17147,NLP,NLP,NLP,24,06/09/2022 12:00:00 AM
2022-06-10T04-15-36,32159,UF HEALTH THE VILLAGES HOSPITAL,NLP,NLP,NLP,384,06/09/2022 12:00:00 AM
2022-06-11T04-15-14,32159,WALGREENS STORE #05432,NLP,NLP,NLP,19,06/10/2022 12:00:00 AM
2022-06-11T04-15-14,32159,WALGREENS STORE #06723,NLP,NLP,NLP,48,06/10/2022 12:00:00 AM
2022-06-11T04-15-14,32159,CVS Store #05120,NLP,NLP,NLP,22,06/10/2022 12:00:00 AM
2022-06-11T04-15-14,32159,CVS Store #17147,NLP,NLP,NLP,24,06/10/2022 12:00:00 AM
2022-06-11T04-15-14,32159,UF HEALTH THE VILLAGES HOSPITAL,NLP,NLP,NLP,384,06/10/2022 12:00:00 AM
2022-06-12T04-15-15,32159,WALGREENS STORE #05432,NLP,NLP,NLP,19,06/10/2022 12:00:00 AM
2022-06-12T04-15-15,32159,WALGREENS STORE #06723,NLP,NLP,NLP,48,06/10/2022 12:00:00 AM
2022-06-12T04-15-15,32159,CVS Store #05120,NLP,NLP,NLP,22,06/10/2022 12:00:00 AM
2022-06-12T04-15-15,32159,CVS Store #17147,NLP,NLP,NLP,24,06/10/2022 12:00:00 AM
2022-06-12T04-15-15,32159,UF HEALTH THE VILLAGES HOSPITAL,NLP,NLP,NLP,384,06/10/2022 12:00:00 AM
2022-06-13T04-15-40,32159,CVS Store #05120,NLP,NLP,NLP,22,06/10/2022 12:00:00 AM
2022-06-13T04-15-40,32159,WALGREENS STORE #06723,NLP,NLP,NLP,48,06/10/2022 12:00:00 AM
2022-06-13T04-15-40,32159,WALGREENS STORE #05432,NLP,NLP,NLP,19,06/10/2022 12:00:00 AM
2022-06-13T04-15-40,32159,CVS Store #17147,NLP,NLP,NLP,24,06/10/2022 12:00:00 AM
2022-06-13T04-15-40,32159,UF HEALTH THE VILLAGES HOSPITAL,NLP,NLP,NLP,384,06/10/2022 12:00:00 AM
2022-06-14T04-15-16,32159,CVS Store #05120,NLP,NLP,NLP,22,06/13/2022 12:00:00 AM
2022-06-14T04-15-16,32159,CVS Store #17147,NLP,NLP,NLP,24,06/13/2022 12:00:00 AM
2022-06-14T04-15-16,32159,WALGREENS STORE #05432,NLP,NLP,NLP,18,06/13/2022 12:00:00 AM
2022-06-14T04-15-16,32159,UF HEALTH THE VILLAGES HOSPITAL,NLP,NLP,NLP,384,06/13/2022 12:00:00 AM
2022-06-14T04-15-16,32159,WALGREENS STORE #06723,NLP,NLP,NLP,48,06/13/2022 12:00:00 AM
2022-06-15T04-15-27,32159,CVS Store #17147,NLP,NLP,NLP,24,06/14/2022 12:00:00 AM
2022-06-15T04-15-27,32159,CVS Store #05120,NLP,NLP,NLP,22,06/14/2022 12:00:00 AM
2022-06-15T04-15-27,32159,WALGREENS STORE #06723,NLP,NLP,NLP,48,06/13/2022 12:00:00 AM
2022-06-15T04-15-27,32159,UF HEALTH THE VILLAGES HOSPITAL,NLP,NLP,NLP,384,06/14/2022 12:00:00 AM
2022-06-15T04-15-27,32159,WALGREENS STORE #05432,NLP,NLP,NLP,18,06/13/2022 12:00:00 AM
2022-06-16T04-15-45,32159,WALGREENS STORE #05432,NLP,NLP,NLP,18,06/13/2022 12:00:00 AM
2022-06-16T04-15-45,32159,CVS Store #05120,NLP,NLP,NLP,22,06/14/2022 12:00:00 AM
2022-06-16T04-15-45,32159,UF HEALTH THE VILLAGES HOSPITAL,NLP,NLP,NLP,384,06/15/2022 12:00:00 AM
2022-06-16T04-15-45,32159,WALGREENS STORE #06723,NLP,NLP,NLP,48,06/13/2022 12:00:00 AM
2022-06-16T04-15-45,32159,CVS Store #17147,NLP,NLP,NLP,24,06/14/2022 12:00:00 AM
2022-06-17T04-15-27,32159,UF HEALTH THE VILLAGES HOSPITAL,NLP,NLP,NLP,384,06/16/2022 12:00:00 AM
2022-06-17T04-15-27,32159,CVS Store #05120,NLP,NLP,NLP,22,06/16/2022 12:00:00 AM
2022-06-17T04-15-27,32159,CVS Store #17147,NLP,NLP,NLP,24,06/16/2022 12:00:00 AM
2022-06-18T04-15-18,32159,CVS Store #17147,NLP,NLP,NLP,24,06/17/2022 12:00:00 AM
2022-06-18T04-15-18,32159,CVS Store #05120,NLP,NLP,NLP,22,06/17/2022 12:00:00 AM
2022-06-18T04-15-18,32159,UF HEALTH THE VILLAGES HOSPITAL,NLP,NLP,NLP,384,06/17/2022 12:00:00 AM
2022-06-19T04-15-29,32159,CVS Store #05120,NLP,NLP,NLP,22,06/17/2022 12:00:00 AM
2022-06-19T04-15-29,32159,CVS Store #17147,NLP,NLP,NLP,24,06/17/2022 12:00:00 AM
2022-06-19T04-15-29,32159,UF HEALTH THE VILLAGES HOSPITAL,NLP,NLP,NLP,384,06/17/2022 12:00:00 AM
2022-06-20T04-15-58,32159,CVS Store #17147,NLP,NLP,NLP,24,06/17/2022 12:00:00 AM
2022-06-20T04-15-58,32159,CVS Store #05120,NLP,NLP,NLP,22,06/17/2022 12:00:00 AM
2022-06-20T04-15-58,32159,UF HEALTH THE VILLAGES HOSPITAL,NLP,NLP,NLP,384,06/17/2022 12:00:00 AM
2022-06-21T04-15-35,32159,WALGREENS STORE #05432,NLP,NLP,NLP,18,06/20/2022 12:00:00 AM
2022-06-21T04-15-35,32159,CVS Store #05120,NLP,NLP,NLP,21,06/20/2022 12:00:00 AM
2022-06-21T04-15-35,32159,UF HEALTH THE VILLAGES HOSPITAL,NLP,NLP,NLP,384,06/17/2022 12:00:00 AM
2022-06-21T04-15-35,32159,CVS Store #17147,NLP,NLP,NLP,24,06/20/2022 12:00:00 AM
2022-06-21T04-15-35,32159,WALGREENS STORE #06723,NLP,NLP,NLP,48,06/20/2022 12:00:00 AM
2022-06-22T04-15-20,32159,CVS Store #05120,NLP,NLP,NLP,21,06/20/2022 12:00:00 AM
2022-06-22T04-15-20,32159,WALGREENS STORE #06723,NLP,NLP,NLP,48,06/20/2022 12:00:00 AM
2022-06-22T04-15-20,32159,WALGREENS STORE #05432,NLP,NLP,NLP,18,06/20/2022 12:00:00 AM
2022-06-22T04-15-20,32159,CVS Store #17147,NLP,NLP,NLP,24,06/20/2022 12:00:00 AM
2022-06-22T04-15-20,32159,UF HEALTH THE VILLAGES HOSPITAL,NLP,NLP,NLP,384,06/21/2022 12:00:00 AM
2022-06-23T04-15-16,32159,WALGREENS STORE #06723,NLP,NLP,NLP,48,06/20/2022 12:00:00 AM
2022-06-23T04-15-16,32159,CVS Store #17147,NLP,NLP,NLP,24,06/22/2022 12:00:00 AM
2022-06-23T04-15-16,32159,CVS Store #05120,NLP,NLP,NLP,21,06/22/2022 12:00:00 AM
2022-06-23T04-15-16,32159,WALGREENS STORE #05432,NLP,NLP,NLP,18,06/20/2022 12:00:00 AM
2022-06-23T04-15-16,32159,UF HEALTH THE VILLAGES HOSPITAL,NLP,NLP,NLP,384,06/22/2022 12:00:00 AM
2022-06-24T04-15-26,32159,Sams Pharmacy #4998,NLP,NLP,NLP,23,06/23/2022 12:00:00 AM
2022-06-24T04-15-26,32159,WALGREENS STORE #05432,NLP,NLP,NLP,18,06/23/2022 12:00:00 AM
2022-06-24T04-15-26,32159,UF HEALTH THE VILLAGES HOSPITAL,NLP,NLP,NLP,384,06/23/2022 12:00:00 AM
2022-06-24T04-15-26,32159,CVS Store #05120,NLP,NLP,NLP,20,06/23/2022 12:00:00 AM
2022-06-24T04-15-26,32159,WALGREENS STORE #06723,NLP,NLP,NLP,48,06/23/2022 12:00:00 AM
2022-06-24T04-15-26,32159,CVS Store #17147,NLP,NLP,NLP,24,06/23/2022 12:00:00 AM
2022-06-25T04-15-18,32159,Sams Pharmacy #4998,NLP,NLP,NLP,23,06/24/2022 12:00:00 AM
2022-06-25T04-15-18,32159,WALGREENS STORE #05432,NLP,NLP,NLP,18,06/23/2022 12:00:00 AM
2022-06-25T04-15-18,32159,UF HEALTH THE VILLAGES HOSPITAL,NLP,NLP,NLP,384,06/24/2022 12:00:00 AM
2022-06-25T04-15-18,32159,The Villages Regional Hospital,NLP,NLP,NLP,384,06/24/2022 12:00:00 AM
2022-06-25T04-15-18,32159,CVS Store #17147,NLP,NLP,NLP,24,06/24/2022 12:00:00 AM
2022-06-25T04-15-18,32159,WALGREENS STORE #06723,NLP,NLP,NLP,48,06/23/2022 12:00:00 AM
2022-06-25T04-15-18,32159,CVS Store #05120,NLP,NLP,NLP,20,06/24/2022 12:00:00 AM
2022-06-26T04-15-17,32159,WALGREENS STORE #05432,NLP,NLP,NLP,18,06/23/2022 12:00:00 AM
2022-06-26T04-15-17,32159,Sams Pharmacy #4998,NLP,NLP,NLP,23,06/24/2022 12:00:00 AM
2022-06-26T04-15-17,32159,UF HEALTH THE VILLAGES HOSPITAL,NLP,NLP,NLP,384,06/24/2022 12:00:00 AM
2022-06-26T04-15-17,32159,The Villages Regional Hospital,NLP,NLP,NLP,384,06/24/2022 12:00:00 AM
2022-06-26T04-15-17,32159,CVS Store #05120,NLP,NLP,NLP,20,06/24/2022 12:00:00 AM
2022-06-26T04-15-17,32159,WALGREENS STORE #06723,NLP,NLP,NLP,48,06/23/2022 12:00:00 AM
2022-06-26T04-15-17,32159,CVS Store #17147,NLP,NLP,NLP,24,06/24/2022 12:00:00 AM
2022-06-27T04-15-31,32159,WALGREENS STORE #05432,NLP,NLP,NLP,18,06/23/2022 12:00:00 AM
2022-06-27T04-15-31,32159,Sams Pharmacy #4998,NLP,NLP,NLP,23,06/24/2022 12:00:00 AM
2022-06-27T04-15-31,32159,UF HEALTH THE VILLAGES HOSPITAL,NLP,NLP,NLP,384,06/24/2022 12:00:00 AM
2022-06-27T04-15-31,32159,The Villages Regional Hospital,NLP,NLP,NLP,384,06/24/2022 12:00:00 AM
2022-06-27T04-15-31,32159,CVS Store #05120,NLP,NLP,NLP,20,06/24/2022 12:00:00 AM
2022-06-27T04-15-31,32159,WALGREENS STORE #06723,NLP,NLP,NLP,48,06/23/2022 12:00:00 AM
2022-06-27T04-15-31,32159,CVS Store #17147,NLP,NLP,NLP,24,06/24/2022 12:00:00 AM
2022-06-28T04-15-44,32159,WALGREENS STORE #06723,NLP,NLP,NLP,47,06/27/2022 12:00:00 AM
2022-06-28T04-15-44,32159,CVS Store #05120,NLP,NLP,NLP,20,06/27/2022 12:00:00 AM
2022-06-28T04-15-44,32159,The Villages Regional Hospital,NLP,NLP,NLP,384,06/24/2022 12:00:00 AM
2022-06-28T04-15-44,32159,UF HEALTH THE VILLAGES HOSPITAL,NLP,NLP,NLP,384,06/27/2022 12:00:00 AM
2022-06-28T04-15-44,32159,Sams Pharmacy #4998,NLP,NLP,NLP,23,06/27/2022 12:00:00 AM
2022-06-28T04-15-44,32159,WALGREENS STORE #05432,NLP,NLP,NLP,18,06/27/2022 12:00:00 AM
2022-06-28T04-15-44,32159,CVS Store #17147,NLP,NLP,NLP,24,06/27/2022 12:00:00 AM
2022-06-29T04-15-40,32159,UF HEALTH THE VILLAGES HOSPITAL,NLP,NLP,NLP,384,06/28/2022 12:00:00 AM
2022-06-29T04-15-40,32159,Sams Pharmacy #4998,NLP,NLP,NLP,23,06/28/2022 12:00:00 AM
2022-06-29T04-15-40,32159,WALGREENS STORE #05432,NLP,NLP,NLP,18,06/27/2022 12:00:00 AM
2022-06-29T04-15-40,32159,WALGREENS STORE #06723,NLP,NLP,NLP,47,06/27/2022 12:00:00 AM
2022-06-29T04-15-40,32159,CVS Store #05120,NLP,NLP,NLP,20,06/28/2022 12:00:00 AM
2022-06-29T04-15-40,32159,The Villages Regional Hospital,NLP,NLP,NLP,384,06/24/2022 12:00:00 AM
2022-06-29T04-15-40,32159,CVS Store #17147,NLP,NLP,NLP,24,06/28/2022 12:00:00 AM
2022-06-30T04-15-32,32159,WALGREENS STORE #05432,NLP,NLP,NLP,18,06/27/2022 12:00:00 AM
2022-06-30T04-15-32,32159,Sams Pharmacy #4998,NLP,NLP,NLP,23,06/29/2022 12:00:00 AM
2022-06-30T04-15-32,32159,The Villages Regional Hospital,NLP,NLP,NLP,384,06/24/2022 12:00:00 AM
2022-06-30T04-15-32,32159,WALGREENS STORE #06723,NLP,NLP,NLP,47,06/27/2022 12:00:00 AM
2022-06-30T04-15-32,32159,UF HEALTH THE VILLAGES HOSPITAL,NLP,NLP,NLP,384,06/29/2022 12:00:00 AM
2022-06-30T04-15-32,32159,CVS Store #05120,NLP,NLP,NLP,20,06/29/2022 12:00:00 AM
2022-06-30T04-15-32,32159,CVS Store #17147,NLP,NLP,NLP,24,06/29/2022 12:00:00 AM
2022-07-01T04-15-22,32159,Sams Pharmacy #4998,NLP,NLP,NLP,23,06/30/2022 12:00:00 AM
2022-07-01T04-15-22,32159,CVS Store #05120,NLP,NLP,NLP,20,06/30/2022 12:00:00 AM
2022-07-01T04-15-22,32159,UF HEALTH THE VILLAGES HOSPITAL,NLP,NLP,NLP,384,06/30/2022 12:00:00 AM
2022-07-01T04-15-22,32159,The Villages Regional Hospital,NLP,NLP,NLP,384,06/24/2022 12:00:00 AM
2022-07-01T04-15-22,32159,CVS Store #17147,NLP,NLP,NLP,24,06/30/2022 12:00:00 AM
2022-07-03T14-40-38,32159,CVS Store #05120,NLP,NLP,NLP,20,07/01/2022 12:00:00 AM
2022-07-03T14-40-38,32159,CVS Store #17147,NLP,NLP,NLP,24,07/01/2022 12:00:00 AM
2022-07-03T14-40-38,32159,Sams Pharmacy #4998,NLP,NLP,NLP,23,06/30/2022 12:00:00 AM
2022-07-03T14-40-38,32159,UF HEALTH THE VILLAGES HOSPITAL,NLP,NLP,NLP,384,07/01/2022 12:00:00 AM
2022-07-03T14-40-38,32159,The Villages Regional Hospital,NLP,NLP,NLP,384,06/24/2022 12:00:00 AM
2022-07-04T04-15-29,32159,CVS Store #05120,NLP,NLP,NLP,20,07/01/2022 12:00:00 AM
2022-07-04T04-15-29,32159,CVS Store #17147,NLP,NLP,NLP,24,07/01/2022 12:00:00 AM
2022-07-04T04-15-29,32159,Sams Pharmacy #4998,NLP,NLP,NLP,23,06/30/2022 12:00:00 AM
2022-07-04T04-15-29,32159,The Villages Regional Hospital,NLP,NLP,NLP,384,06/24/2022 12:00:00 AM
2022-07-04T04-15-29,32159,UF HEALTH THE VILLAGES HOSPITAL,NLP,NLP,NLP,384,07/01/2022 12:00:00 AM
2022-07-05T04-15-18,32159,Sams Pharmacy #4998,NLP,NLP,NLP,23,06/30/2022 12:00:00 AM
2022-07-05T04-15-18,32159,CVS Store #05120,NLP,NLP,NLP,20,07/01/2022 12:00:00 AM
2022-07-05T04-15-18,32159,UF HEALTH THE VILLAGES HOSPITAL,NLP,NLP,NLP,384,07/01/2022 12:00:00 AM
2022-07-05T04-15-18,32159,CVS Store #17147,NLP,NLP,NLP,24,07/01/2022 12:00:00 AM
2022-07-05T04-15-18,32159,The Villages Regional Hospital,NLP,NLP,NLP,384,06/24/2022 12:00:00 AM
2022-07-06T04-15-19,32159,The Villages Regional Hospital,NLP,NLP,NLP,384,07/05/2022 12:00:00 AM
2022-07-06T04-15-19,32159,Sams Pharmacy #4998,NLP,NLP,NLP,23,06/30/2022 12:00:00 AM
2022-07-06T04-15-19,32159,CVS Store #17147,NLP,NLP,NLP,24,07/05/2022 12:00:00 AM
2022-07-06T04-15-19,32159,CVS Store #05120,NLP,NLP,NLP,20,07/05/2022 12:00:00 AM
2022-07-06T04-15-19,32159,UF HEALTH THE VILLAGES HOSPITAL,NLP,NLP,NLP,384,07/05/2022 12:00:00 AM
2022-07-07T04-15-17,32159,UF HEALTH THE VILLAGES HOSPITAL,NLP,NLP,NLP,384,07/06/2022 12:00:00 AM
2022-07-07T04-15-17,32159,Sams Pharmacy #4998,NLP,NLP,NLP,23,07/06/2022 12:00:00 AM
2022-07-07T04-15-17,32159,The Villages Regional Hospital,NLP,NLP,NLP,384,07/06/2022 12:00:00 AM
2022-07-07T04-15-17,32159,CVS Store #05120,NLP,NLP,NLP,20,07/06/2022 12:00:00 AM
2022-07-07T04-15-17,32159,CVS Store #17147,NLP,NLP,NLP,24,07/06/2022 12:00:00 AM
2022-07-07T13-15-18,32159,UF HEALTH THE VILLAGES HOSPITAL,NLP,NLP,NLP,384,07/06/2022 12:00:00 AM
2022-07-07T13-15-18,32159,Sams Pharmacy #4998,NLP,NLP,NLP,23,07/06/2022 12:00:00 AM
2022-07-07T13-15-18,32159,The Villages Regional Hospital,NLP,NLP,NLP,384,07/06/2022 12:00:00 AM
2022-07-07T13-15-18,32159,CVS Store #05120,NLP,NLP,NLP,20,07/06/2022 12:00:00 AM
2022-07-07T13-15-18,32159,CVS Store #17147,NLP,NLP,NLP,24,07/06/2022 12:00:00 AM
2022-07-08T04-15-19,32159,CVS Store #17147,NLP,NLP,NLP,24,07/07/2022 12:00:00 AM
2022-07-08T04-15-19,32159,CVS Store #05120,NLP,NLP,NLP,20,07/07/2022 12:00:00 AM
2022-07-08T04-15-19,32159,Sams Pharmacy #4998,NLP,NLP,NLP,23,07/07/2022 12:00:00 AM
2022-07-08T04-15-19,32159,The Villages Regional Hospital,NLP,NLP,NLP,384,07/07/2022 12:00:00 AM
2022-07-08T04-15-19,32159,UF HEALTH THE VILLAGES HOSPITAL,NLP,NLP,NLP,384,07/07/2022 12:00:00 AM
2022-07-09T04-15-19,32159,CVS Store #05120,NLP,NLP,NLP,20,07/08/2022 12:00:00 AM
2022-07-09T04-15-19,32159,CVS Store #17147,NLP,NLP,NLP,24,07/08/2022 12:00:00 AM
2022-07-09T04-15-19,32159,Sams Pharmacy #4998,NLP,NLP,NLP,23,07/07/2022 12:00:00 AM
2022-07-09T04-15-19,32159,The Villages Regional Hospital,NLP,NLP,NLP,384,07/08/2022 12:00:00 AM
2022-07-09T04-15-19,32159,UF HEALTH THE VILLAGES HOSPITAL,NLP,NLP,NLP,384,07/08/2022 12:00:00 AM
2022-07-10T04-15-26,32159,CVS Store #05120,NLP,NLP,NLP,20,07/08/2022 12:00:00 AM
2022-07-10T04-15-26,32159,CVS Store #17147,NLP,NLP,NLP,24,07/08/2022 12:00:00 AM
2022-07-10T04-15-26,32159,Sams Pharmacy #4998,NLP,NLP,NLP,23,07/07/2022 12:00:00 AM
2022-07-10T04-15-26,32159,The Villages Regional Hospital,NLP,NLP,NLP,384,07/08/2022 12:00:00 AM
2022-07-10T04-15-26,32159,UF HEALTH THE VILLAGES HOSPITAL,NLP,NLP,NLP,384,07/08/2022 12:00:00 AM
2022-07-11T04-15-25,32159,CVS Store #05120,NLP,NLP,NLP,20,07/08/2022 12:00:00 AM
2022-07-11T04-15-25,32159,Sams Pharmacy #4998,NLP,NLP,NLP,23,07/07/2022 12:00:00 AM
2022-07-11T04-15-25,32159,CVS Store #17147,NLP,NLP,NLP,24,07/08/2022 12:00:00 AM
2022-07-11T04-15-25,32159,UF HEALTH THE VILLAGES HOSPITAL,NLP,NLP,NLP,384,07/08/2022 12:00:00 AM
2022-07-11T04-15-25,32159,The Villages Regional Hospital,NLP,NLP,NLP,384,07/08/2022 12:00:00 AM
2022-07-12T04-15-22,32159,The Villages Regional Hospital,NLP,NLP,NLP,384,07/11/2022 12:00:00 AM
2022-07-12T04-15-22,32159,WALGREENS STORE #06723,NLP,NLP,NLP,47,07/11/2022 12:00:00 AM
2022-07-12T04-15-22,32159,WALGREENS STORE #05432,NLP,NLP,NLP,18,07/11/2022 12:00:00 AM
2022-07-12T04-15-22,32159,CVS Store #05120,NLP,NLP,NLP,20,07/11/2022 12:00:00 AM
2022-07-12T04-15-22,32159,Sams Pharmacy #4998,NLP,NLP,NLP,23,07/11/2022 12:00:00 AM
2022-07-12T04-15-22,32159,UF HEALTH THE VILLAGES HOSPITAL,NLP,NLP,NLP,384,07/11/2022 12:00:00 AM
2022-07-13T04-15-22,32159,WALGREENS STORE #06723,NLP,NLP,NLP,47,07/11/2022 12:00:00 AM
2022-07-13T04-15-22,32159,The Villages Regional Hospital,NLP,NLP,NLP,384,07/12/2022 12:00:00 AM
2022-07-13T04-15-22,32159,WALGREENS STORE #05432,NLP,NLP,NLP,18,07/11/2022 12:00:00 AM
2022-07-13T04-15-22,32159,CVS Store #05120,NLP,NLP,NLP,19,07/12/2022 12:00:00 AM
2022-07-13T04-15-22,32159,Sams Pharmacy #4998,NLP,NLP,NLP,23,07/12/2022 12:00:00 AM
2022-07-13T04-15-22,32159,UF HEALTH THE VILLAGES HOSPITAL,NLP,NLP,NLP,384,07/12/2022 12:00:00 AM
2022-07-14T04-15-29,32159,Sams Pharmacy #4998,NLP,NLP,NLP,23,07/13/2022 12:00:00 AM
2022-07-14T04-15-29,32159,The Villages Regional Hospital,NLP,NLP,NLP,384,07/13/2022 12:00:00 AM
2022-07-14T04-15-29,32159,WALGREENS STORE #06723,NLP,NLP,NLP,46,07/13/2022 12:00:00 AM
2022-07-14T04-15-29,32159,UF HEALTH THE VILLAGES HOSPITAL,NLP,NLP,NLP,384,07/13/2022 12:00:00 AM
2022-07-14T04-15-29,32159,CVS Store #05120,NLP,NLP,NLP,19,07/13/2022 12:00:00 AM
2022-07-15T04-15-46,32159,Sams Pharmacy #4998,NLP,NLP,NLP,23,07/14/2022 12:00:00 AM
2022-07-15T04-15-46,32159,The Villages Regional Hospital,NLP,NLP,NLP,384,07/14/2022 12:00:00 AM
2022-07-15T04-15-46,32159,WALGREENS STORE #06723,NLP,NLP,NLP,46,07/14/2022 12:00:00 AM
2022-07-15T04-15-46,32159,UF HEALTH THE VILLAGES HOSPITAL,NLP,NLP,NLP,384,07/14/2022 12:00:00 AM
2022-07-15T04-15-46,32159,CVS Store #05120,NLP,NLP,NLP,19,07/14/2022 12:00:00 AM
2022-07-17T04-15-18,32159,The Villages Regional Hospital,NLP,NLP,NLP,384,07/15/2022 12:00:00 AM
2022-07-17T04-15-18,32159,WALGREENS STORE #06723,NLP,NLP,NLP,46,07/14/2022 12:00:00 AM
2022-07-17T04-15-18,32159,UF HEALTH THE VILLAGES HOSPITAL,NLP,NLP,NLP,384,07/15/2022 12:00:00 AM
2022-07-17T04-15-18,32159,CVS Store #05120,NLP,NLP,NLP,19,07/15/2022 12:00:00 AM
2022-07-17T04-15-18,32159,Sams Pharmacy #4998,NLP,NLP,NLP,23,07/14/2022 12:00:00 AM
2022-07-18T04-15-21,32159,The Villages Regional Hospital,NLP,NLP,NLP,384,07/15/2022 12:00:00 AM
2022-07-18T04-15-21,32159,WALGREENS STORE #06723,NLP,NLP,NLP,46,07/14/2022 12:00:00 AM
2022-07-18T04-15-21,32159,CVS Store #05120,NLP,NLP,NLP,19,07/15/2022 12:00:00 AM
2022-07-18T04-15-21,32159,UF HEALTH THE VILLAGES HOSPITAL,NLP,NLP,NLP,384,07/15/2022 12:00:00 AM
2022-07-18T04-15-21,32159,Sams Pharmacy #4998,NLP,NLP,NLP,23,07/14/2022 12:00:00 AM
2022-07-18T07-55-19,32159,Sams Pharmacy #4998,NLP,NLP,NLP,23,07/14/2022 12:00:00 AM
2022-07-18T07-55-19,32159,The Villages Regional Hospital,NLP,NLP,NLP,384,07/15/2022 12:00:00 AM
2022-07-18T07-55-19,32159,WALGREENS STORE #06723,NLP,NLP,NLP,46,07/14/2022 12:00:00 AM
2022-07-18T07-55-19,32159,CVS Store #05120,NLP,NLP,NLP,19,07/15/2022 12:00:00 AM
2022-07-18T07-55-19,32159,UF HEALTH THE VILLAGES HOSPITAL,NLP,NLP,NLP,384,07/15/2022 12:00:00 AM
2022-07-19T04-15-25,32159,The Villages Regional Hospital,NLP,NLP,NLP,384,07/18/2022 12:00:00 AM
2022-07-19T04-15-25,32159,UF HEALTH THE VILLAGES HOSPITAL,NLP,NLP,NLP,384,07/18/2022 12:00:00 AM
2022-07-19T04-15-25,32159,Sams Pharmacy #4998,NLP,NLP,NLP,23,07/18/2022 12:00:00 AM
2022-07-19T04-15-25,32159,WALGREENS STORE #06723,NLP,NLP,NLP,46,07/18/2022 12:00:00 AM
2022-07-19T04-15-25,32159,CVS Store #05120,NLP,NLP,NLP,19,07/18/2022 12:00:00 AM
2022-07-20T04-15-41,32159,UF HEALTH THE VILLAGES HOSPITAL,NLP,NLP,NLP,384,07/19/2022 12:00:00 AM
2022-07-20T04-15-41,32159,WALGREENS STORE #06723,NLP,NLP,NLP,46,07/18/2022 12:00:00 AM
2022-07-20T04-15-41,32159,The Villages Regional Hospital,NLP,NLP,NLP,384,07/19/2022 12:00:00 AM
2022-07-20T04-15-41,32159,CVS Store #05120,NLP,NLP,NLP,19,07/18/2022 12:00:00 AM
2022-07-20T04-15-41,32159,Sams Pharmacy #4998,NLP,NLP,NLP,23,07/19/2022 12:00:00 AM
2022-07-21T04-15-40,32159,Sams Pharmacy #4998,NLP,NLP,NLP,23,07/20/2022 12:00:00 AM
2022-07-21T04-15-40,32159,CVS Store #05120,NLP,NLP,NLP,19,07/18/2022 12:00:00 AM
2022-07-21T04-15-40,32159,The Villages Regional Hospital,NLP,NLP,NLP,384,07/20/2022 12:00:00 AM
2022-07-21T04-15-40,32159,UF HEALTH THE VILLAGES HOSPITAL,NLP,NLP,NLP,384,07/20/2022 12:00:00 AM
2022-07-21T04-15-40,32159,WALGREENS STORE #06723,NLP,NLP,NLP,46,07/18/2022 12:00:00 AM
2022-07-22T04-15-29,32159,The Villages Regional Hospital,NLP,NLP,NLP,384,07/21/2022 12:00:00 AM
2022-07-22T04-15-29,32159,WALGREENS STORE #06723,NLP,NLP,NLP,46,07/21/2022 12:00:00 AM
2022-07-22T04-15-29,32159,WALGREENS STORE #05432,NLP,NLP,NLP,20,07/21/2022 12:00:00 AM
2022-07-22T04-15-29,32159,UF HEALTH THE VILLAGES HOSPITAL,NLP,NLP,NLP,384,07/21/2022 12:00:00 AM
2022-07-22T04-15-29,32159,Sams Pharmacy #4998,NLP,NLP,NLP,23,07/21/2022 12:00:00 AM
2022-07-22T04-15-29,32159,CVS Store #05120,NLP,NLP,NLP,19,07/21/2022 12:00:00 AM
2022-07-23T04-15-20,32159,CVS Store #05120,NLP,NLP,NLP,19,07/22/2022 12:00:00 AM
2022-07-23T04-15-20,32159,The Villages Regional Hospital,NLP,NLP,NLP,384,07/22/2022 12:00:00 AM
2022-07-23T04-15-20,32159,WALGREENS STORE #05432,NLP,NLP,NLP,20,07/21/2022 12:00:00 AM
2022-07-23T04-15-20,32159,UF HEALTH THE VILLAGES HOSPITAL,NLP,NLP,NLP,384,07/22/2022 12:00:00 AM
2022-07-23T04-15-20,32159,WALGREENS STORE #06723,NLP,NLP,NLP,46,07/21/2022 12:00:00 AM
2022-07-23T04-15-20,32159,Sams Pharmacy #4998,NLP,NLP,NLP,23,07/21/2022 12:00:00 AM
2022-07-24T04-15-21,32159,CVS Store #05120,NLP,NLP,NLP,19,07/22/2022 12:00:00 AM
2022-07-24T04-15-21,32159,The Villages Regional Hospital,NLP,NLP,NLP,384,07/22/2022 12:00:00 AM
2022-07-24T04-15-21,32159,WALGREENS STORE #05432,NLP,NLP,NLP,20,07/21/2022 12:00:00 AM
2022-07-24T04-15-21,32159,UF HEALTH THE VILLAGES HOSPITAL,NLP,NLP,NLP,384,07/22/2022 12:00:00 AM
2022-07-24T04-15-21,32159,WALGREENS STORE #06723,NLP,NLP,NLP,46,07/21/2022 12:00:00 AM
2022-07-24T04-15-21,32159,Sams Pharmacy #4998,NLP,NLP,NLP,23,07/21/2022 12:00:00 AM
