barber,KS
clark,KS
kiowa,KS
harper,OK
woods,OK